Date,Open,High,Low,Close,Adj Close,Volume,Dividends,Stock Splits,ADX
2019-01-14,93.1999969482422,95.4499969482422,91.0500030517578,94.25,86.38101959228516,10367880,0.0,0,
2019-01-15,94.1999969482422,94.9499969482422,93.0,94.1500015258789,86.28937530517578,8255203,0.0,0,
2019-01-16,93.6999969482422,97.0,93.3000030517578,96.1999969482422,88.168212890625,9593343,0.0,0,
2019-01-17,96.5999984741211,97.0,93.5,94.8499984741211,86.9309310913086,8840714,0.0,0,
2019-01-18,95.0,95.3000030517578,91.6500015258789,92.5,84.77713775634766,7303587,0.0,0,
2019-01-21,92.5500030517578,93.5,85.0999984741211,86.30000305175781,79.09477233886719,22590728,0.0,0,
2019-01-22,85.0,86.5999984741211,82.80000305175781,83.94999694824219,76.94097137451172,16395769,0.0,0,
2019-01-23,84.25,84.69999694824219,82.30000305175781,82.75,75.8411636352539,7830565,0.0,0,
2019-01-24,82.9000015258789,83.55000305175781,82.0,82.5,75.6120376586914,6625042,0.0,0,
2019-01-25,82.69999694824219,83.69999694824219,78.9000015258789,79.44999694824219,72.81668090820312,9353149,0.0,0,
2019-01-28,79.44999694824219,80.4000015258789,77.5999984741211,78.4000015258789,71.85435485839844,7611090,0.0,0,
2019-01-29,78.19999694824219,81.3499984741211,77.8499984741211,80.05000305175781,73.36659240722656,9561030,0.0,0,
2019-01-30,80.30000305175781,81.8499984741211,79.44999694824219,81.19999694824219,74.42057037353516,6665473,0.0,0,
2019-01-31,81.5999984741211,83.4000015258789,79.75,82.75,75.8411636352539,8495733,0.0,0,
2019-02-01,83.0,84.3499984741211,80.19999694824219,81.44999694824219,74.64969635009766,10592499,0.0,0,
2019-02-04,81.25,81.25,78.0,79.44999694824219,72.81668090820312,6977579,0.0,0,
2019-02-05,79.80000305175781,80.6500015258789,77.0,78.1500015258789,71.6252212524414,6870366,0.0,0,
2019-02-06,78.55000305175781,79.69999694824219,76.05000305175781,79.4000015258789,72.77085876464844,6741919,0.0,0,
2019-02-07,79.25,80.9000015258789,78.0999984741211,78.80000305175781,72.22095489501953,5938788,0.0,0,
2019-02-08,78.05000305175781,78.3499984741211,72.05000305175781,72.5,66.44694519042969,15553054,0.0,0,
2019-02-11,72.4000015258789,73.05000305175781,71.25,72.1500015258789,66.12616729736328,8149862,0.0,0,
2019-02-12,72.1500015258789,72.69999694824219,70.05000305175781,70.4000015258789,64.52227020263672,7899565,0.0,0,
2019-02-14,69.44999694824219,71.6500015258789,68.30000305175781,70.94999694824219,65.02635192871094,10625776,0.0,0,
2019-02-15,71.0,71.1500015258789,68.0999984741211,68.6500015258789,62.91838073730469,6551655,0.0,0,
2019-02-18,68.75,69.5,67.5,67.94999694824219,62.276817321777344,5620070,0.0,0,
2019-02-19,68.0,70.55000305175781,67.5999984741211,68.5,62.78090286254883,8287336,0.0,0,
2019-02-20,68.80000305175781,70.0999984741211,68.5,69.6500015258789,63.83489227294922,6424383,0.0,0,
2019-02-21,73.0,73.30000305175781,70.75,71.55000305175781,65.57626342773438,15866924,0.0,0,55.507122797712775
2019-02-22,71.44999694824219,72.1500015258789,70.55000305175781,71.19999694824219,65.25547790527344,5447748,0.0,0,54.03109123065288
2019-02-25,71.30000305175781,71.6500015258789,70.6500015258789,71.25,65.30130004882812,4046656,0.0,0,52.66049048981155
2019-02-26,69.5999984741211,70.55000305175781,67.69999694824219,69.69999694824219,63.88071441650391,9610206,0.0,0,52.06815050496419
2019-02-27,70.19999694824219,71.94999694824219,68.9000015258789,70.0999984741211,64.24732208251953,7791959,0.0,0,50.80124779758616
2019-02-28,70.30000305175781,72.0999984741211,69.80000305175781,71.6500015258789,65.66791534423828,6383643,0.0,0,49.548483706424086
2019-03-01,72.05000305175781,78.44999694824219,71.80000305175781,77.1500015258789,70.70870971679688,19395161,0.0,0,46.1673734498999
2019-03-05,77.1500015258789,81.0,76.55000305175781,80.6500015258789,73.91649627685547,11139738,0.0,0,43.748881211421086
2019-03-06,80.5,81.80000305175781,78.4000015258789,79.25,72.63338470458984,12556714,0.0,0,41.71425540912371
2019-03-07,79.0999984741211,81.80000305175781,78.4000015258789,79.94999694824219,73.27493286132812,11551976,0.0,0,39.82496002127614
2019-03-08,79.19999694824219,80.6500015258789,77.9000015258789,78.0999984741211,71.57939147949219,8790110,0.0,0,37.87426708684172
2019-03-11,78.69999694824219,83.5,78.69999694824219,82.69999694824219,75.79533386230469,13144457,0.0,0,36.860883845252694
2019-03-12,84.25,85.8499984741211,82.05000305175781,82.69999694824219,75.79533386230469,15242637,0.0,0,36.47504018526977
2019-03-13,82.8499984741211,83.1500015258789,80.69999694824219,82.5999984741211,75.70368957519531,11944420,0.0,0,35.560183878677975
2019-03-14,82.5,83.80000305175781,81.44999694824219,82.80000305175781,75.88699340820312,8104798,0.0,0,34.873251841187155
2019-03-15,83.0,85.0,82.44999694824219,82.9000015258789,75.9786376953125,11599757,0.0,0,34.531427525494124
2019-03-18,83.30000305175781,84.0999984741211,82.5,83.75,76.75767517089844,7445309,0.0,0,34.214019232350594
2019-03-19,84.5,89.4000015258789,84.0999984741211,87.6500015258789,80.33206176757812,22242435,0.0,0,35.031882603293916
2019-03-20,88.1500015258789,89.1500015258789,86.19999694824219,88.44999694824219,81.06526947021484,13692304,0.0,0,35.791327162026995
2019-03-22,89.19999694824219,89.30000305175781,86.30000305175781,86.8499984741211,79.5988540649414,8279854,0.0,0,36.52470280378769
2019-03-25,85.44999694824219,87.94999694824219,84.55000305175781,87.4000015258789,80.10293579101562,7771097,0.0,0,36.3336196142551
2019-03-26,87.8499984741211,92.0,87.44999694824219,91.5500030517578,83.90644836425781,14525146,0.0,0,36.97084287262231
2019-03-27,92.0999984741211,94.1999969482422,90.8499984741211,93.8000030517578,85.96859741210938,13228502,0.0,0,37.92081800974446
2019-03-28,93.8000030517578,97.8000030517578,93.0999984741211,96.9499969482422,88.85559844970703,15011461,0.0,0,39.296723361063435
2019-04-01,96.0999984741211,99.6500015258789,95.8000030517578,96.4000015258789,88.35151672363281,12734106,0.0,0,40.79282396578282
2019-04-02,96.8000030517578,100.0,95.4000015258789,98.8000030517578,90.5511474609375,15381795,0.0,0,41.99478685685643
2019-04-03,99.5,100.4000015258789,94.0999984741211,94.8000030517578,86.8851089477539,15596896,0.0,0,42.50108494894305
2019-04-04,94.1500015258789,96.5,91.8499984741211,92.3499984741211,84.6396484375,17714646,0.0,0,41.99473889534134
2019-04-05,92.8000030517578,93.8499984741211,91.0500030517578,93.0,85.23538208007812,9235891,0.0,0,41.196468390636134
2019-04-08,93.1500015258789,95.3499984741211,91.5,92.25,84.54800415039062,11927271,0.0,0,40.771985085071044
2019-04-09,92.4000015258789,95.0,91.3000030517578,94.6999969482422,86.79344940185547,11923160,0.0,0,40.28970885385845
2019-04-10,94.3000030517578,95.8499984741211,93.25,93.5999984741211,85.78529357910156,8721010,0.0,0,40.03073284711322
2019-04-11,93.4000015258789,94.1999969482422,92.0,93.25,85.46451568603516,6667374,0.0,0,39.2077246167193
2019-04-12,93.3000030517578,93.9000015258789,91.5999984741211,93.5,85.69364166259766,7751907,0.0,0,38.25853651791978
2019-04-15,93.5500030517578,94.4499969482422,92.1500015258789,92.6999969482422,84.96043395996094,5976723,0.0,0,37.53046076530694
2019-04-16,92.9000015258789,93.5,92.0,92.3000030517578,84.59383392333984,4462400,0.0,0,36.777203018628256
2019-04-18,92.5,92.8000030517578,90.25,91.0,83.4023666381836,7536198,0.0,0,35.208324398813424
2019-04-22,90.0,90.3499984741211,86.19999694824219,86.8499984741211,79.5988540649414,7070780,0.0,0,33.2167652137145
2019-04-23,87.30000305175781,89.30000305175781,86.69999694824219,88.0999984741211,80.74449157714844,8092450,0.0,0,31.36746025612265
2019-04-24,88.19999694824219,90.0,87.0,89.0999984741211,81.66100311279297,6947082,0.0,0,29.36495385475215
2019-04-25,89.25,89.75,86.69999694824219,87.6500015258789,80.33206176757812,6129391,0.0,0,27.62208018609183
2019-04-26,88.25,88.5,86.5999984741211,88.05000305175781,80.69866943359375,6880489,0.0,0,26.04459693219574
2019-04-30,88.0,88.0,82.75,83.5,76.5285415649414,9894458,0.0,0,25.928443801444782
2019-05-02,83.0,86.1500015258789,82.4000015258789,84.44999694824219,77.39923095703125,7600082,0.0,0,25.924203958284952
2019-05-03,84.94999694824219,85.75,84.1500015258789,85.05000305175781,77.94914245605469,5629447,0.0,0,25.920266961065106
2019-05-06,84.0,85.4000015258789,83.5,83.9000015258789,76.89514923095703,4467534,0.0,0,26.12681400256764
2019-05-07,84.44999694824219,84.69999694824219,81.0,81.6500015258789,74.8330078125,6167418,0.0,0,27.036639791789177
2019-05-08,81.6500015258789,83.55000305175781,80.75,82.19999694824219,75.33708190917969,6734094,0.0,0,27.94689055778423
2019-05-09,81.80000305175781,83.0,81.5,82.1500015258789,75.291259765625,5014619,0.0,0,28.79212341192249
2019-05-10,83.0,84.5999984741211,82.05000305175781,84.05000305175781,77.03263092041016,6978479,0.0,0,28.577960760954422
2019-05-13,83.80000305175781,84.55000305175781,71.44999694824219,75.8499984741211,69.51725006103516,14639500,0.0,0,30.586890320728994
2019-05-14,75.9000015258789,81.44999694824219,74.44999694824219,79.30000305175781,72.67920684814453,13530185,0.0,0,32.45232491194824
2019-05-15,74.19999694824219,76.0,70.55000305175781,71.44999694824219,65.48460388183594,36895427,0.0,0,34.651234053174086
2019-05-16,71.5,72.0,69.19999694824219,70.1500015258789,64.29315185546875,13719289,0.0,0,36.83293876823273
2019-05-17,70.30000305175781,71.1500015258789,69.25,70.6500015258789,64.75139617919922,8543601,0.0,0,38.85880743221576
2019-05-20,74.30000305175781,75.0999984741211,72.6500015258789,74.0,67.82170104980469,12806147,0.0,0,38.93379643747336
2019-05-21,74.19999694824219,74.3499984741211,70.6500015258789,71.55000305175781,65.57626342773438,9074806,0.0,0,39.33408572919067
2019-05-22,71.6500015258789,71.75,70.0999984741211,71.19999694824219,65.25547790527344,7989744,0.0,0,39.794148869988796
2019-05-23,73.8499984741211,75.44999694824219,69.19999694824219,69.75,63.92654037475586,20942310,0.0,0,38.77279175587067
2019-05-24,70.1500015258789,75.5,70.0,75.0,68.73822021484375,13537813,0.0,0,37.806276094077965
2019-05-27,75.5,78.5,75.19999694824219,77.4000015258789,70.93783569335938,13403507,0.0,0,35.87574824129097
2019-05-28,77.8499984741211,79.75,76.5999984741211,79.44999694824219,72.81668090820312,13894860,0.0,0,33.693296606352945
2019-05-29,79.30000305175781,79.30000305175781,77.55000305175781,78.5999984741211,72.03765106201172,13146240,0.0,0,31.666734373910494
2019-05-30,79.0,80.1500015258789,77.25,78.3499984741211,71.80852508544922,8867615,0.0,0,29.503577035264406
2019-05-31,78.69999694824219,79.19999694824219,74.25,75.80000305175781,69.47142791748047,11087241,0.0,0,28.371625244857075
2019-06-03,76.44999694824219,76.94999694824219,74.55000305175781,76.55000305175781,70.15880584716797,7642627,0.0,0,27.320527153764555
2019-06-04,76.0,80.8499984741211,76.0,78.05000305175781,71.5335693359375,15631329,0.0,0,25.676282142594232
2019-06-06,78.44999694824219,78.44999694824219,72.8499984741211,73.3499984741211,67.2259750366211,12897270,0.0,0,24.435193010688113
2019-06-07,73.19999694824219,74.8499984741211,72.5,73.9000015258789,67.73005676269531,9319279,0.0,0,23.37609953175258
2019-06-10,74.6500015258789,75.5,71.5999984741211,72.6500015258789,66.58441925048828,8537807,0.0,0,22.637796226489705
2019-06-11,72.69999694824219,74.5,72.0999984741211,74.1500015258789,67.95918273925781,6882890,0.0,0,21.95222887160275
2019-06-12,74.0,75.0999984741211,73.30000305175781,74.55000305175781,68.32579040527344,6506615,0.0,0,21.085365980990044
2019-06-13,74.05000305175781,74.5,70.75,72.69999694824219,66.63024139404297,8950535,0.0,0,21.02415802596791
2019-06-14,72.80000305175781,74.0999984741211,72.30000305175781,72.80000305175781,66.72189331054688,5776156,0.0,0,20.967322067733072
2019-06-17,72.80000305175781,74.05000305175781,72.19999694824219,72.44999694824219,66.40111541748047,5642661,0.0,0,20.94431169333647
2019-06-18,72.6500015258789,74.8499984741211,72.19999694824219,74.0999984741211,67.9133529663086,9331467,0.0,0,20.551829843196774
2019-06-19,74.55000305175781,75.19999694824219,71.80000305175781,72.5,66.44694519042969,8355903,0.0,0,20.324252725419406
2019-06-20,72.5,75.80000305175781,72.1500015258789,75.3499984741211,69.05899047851562,6663438,0.0,0,19.81685315100052
2019-06-21,75.0,77.4000015258789,74.3499984741211,75.75,69.42559814453125,10066374,0.0,0,18.60099121640065
2019-06-24,75.30000305175781,76.30000305175781,74.75,75.30000305175781,69.01316833496094,4866923,0.0,0,17.47197656284363
2019-06-25,75.0999984741211,76.0999984741211,74.9000015258789,75.55000305175781,69.24230194091797,4163890,0.0,0,16.42360581311211
2019-06-26,75.9000015258789,78.5,75.30000305175781,77.6500015258789,71.1669692993164,7116853,0.0,0,16.131193735318252
2019-06-27,77.94999694824219,78.3499984741211,76.55000305175781,77.5999984741211,71.12113952636719,5449727,0.0,0,15.859668234509668
2019-06-28,78.30000305175781,83.75,77.75,81.05000305175781,74.2831039428711,28937243,0.0,0,17.3448229526629
2019-07-01,81.5,84.05000305175781,80.4000015258789,83.5,76.5285415649414,12615826,0.0,0,18.797774108429472
2019-07-02,84.0,84.19999694824219,81.6500015258789,82.5999984741211,75.70368957519531,11001361,0.0,0,20.185731492007353
2019-07-03,82.6500015258789,84.3499984741211,82.1500015258789,83.75,76.75767517089844,7703994,0.0,0,21.515574284632123
2019-07-04,84.3499984741211,86.5999984741211,84.0999984741211,84.8499984741211,77.76583099365234,14709092,0.0,0,23.321239463639568
2019-07-05,85.19999694824219,86.1500015258789,83.3499984741211,84.0999984741211,77.07845306396484,15217156,0.0,0,24.528418515970923
2019-07-08,83.5,83.75,76.6500015258789,77.05000305175781,70.6170654296875,14518857,0.0,0,22.919002636232424
2019-07-09,76.94999694824219,78.5,76.0999984741211,78.1500015258789,71.6252212524414,8843265,0.0,0,21.606040427631658
2019-07-10,79.4000015258789,79.4000015258789,76.3499984741211,77.05000305175781,70.6170654296875,9697661,0.0,0,20.064897150060826
2019-07-11,77.5,78.80000305175781,76.5,78.44999694824219,71.9001693725586,7144574,0.0,0,18.633835535173628
2019-07-12,78.05000305175781,79.4000015258789,77.4000015258789,78.55000305175781,71.99182891845703,6753009,0.0,0,17.538339115275367
2019-07-15,78.6500015258789,78.75,74.0999984741211,74.69999694824219,68.4632568359375,10650978,0.0,0,17.246641937893195
2019-07-16,74.5999984741211,77.80000305175781,74.5,77.55000305175781,71.0753173828125,7752075,0.0,0,16.975780273181176
2019-07-17,77.44999694824219,78.5999984741211,76.0999984741211,77.4000015258789,70.93783569335938,8344571,0.0,0,16.370888310386338
2019-07-18,77.5,78.05000305175781,74.4000015258789,74.94999694824219,68.69239044189453,8506491,0.0,0,16.402181048855045
2019-07-19,75.30000305175781,75.9000015258789,73.19999694824219,73.9000015258789,67.73005676269531,6134692,0.0,0,16.814663211642692
2019-07-22,74.0,75.25,73.05000305175781,74.6500015258789,68.41743469238281,8868318,0.0,0,17.245548834718434
2019-07-23,75.0,75.5,71.80000305175781,72.4000015258789,66.35529327392578,8461147,0.0,0,18.04099411327046
2019-07-24,72.5,72.9000015258789,70.05000305175781,70.6500015258789,64.75139617919922,8206191,0.0,0,19.27890859065264
2019-07-25,70.94999694824219,71.5999984741211,69.4000015258789,69.9000015258789,64.06401824951172,7779410,0.0,0,20.60185172889674
2019-07-26,70.0,73.5,69.5,70.1500015258789,64.29315185546875,11517415,0.0,0,20.789231812767156
2019-07-29,70.1500015258789,71.69999694824219,68.69999694824219,70.4000015258789,64.52227020263672,9238304,0.0,0,21.214199827406116
2019-07-30,70.69999694824219,70.9000015258789,66.6500015258789,67.0,61.4061393737793,9757170,0.0,0,22.195592994265887
2019-07-31,67.0,68.25,66.25,67.5999984741211,61.9560432434082,7503701,0.0,0,23.21384207023908
2019-08-01,67.5,67.75,64.69999694824219,65.5999984741211,60.123023986816406,9233059,0.0,0,24.557198478128992
2019-08-02,65.0999984741211,66.25,63.59999847412109,64.69999694824219,59.29816436767578,10827678,0.0,0,26.064591586864378
2019-08-05,63.70000076293945,65.9000015258789,61.900001525878906,64.94999694824219,59.52729415893555,14495829,0.0,0,27.83149523173921
2019-08-06,64.5,66.6500015258789,64.0,65.55000305175781,60.07720565795898,9534242,0.0,0,29.00887734151484
2019-08-07,65.5,66.69999694824219,63.0,63.54999923706055,58.24418258666992,11784798,0.0,0,30.333530310641923
2019-08-08,63.54999923706055,64.9000015258789,61.79999923706055,64.3499984741211,58.977386474609375,14868207,0.0,0,31.82548417989938
2019-08-09,64.75,65.8499984741211,63.75,64.75,59.34399032592773,8938472,0.0,0,32.60322977785985
2019-08-13,64.55000305175781,65.5,62.59999847412109,62.95000076293945,57.694278717041016,6934344,0.0,0,33.60500367823605
2019-08-14,63.25,64.30000305175781,62.70000076293945,63.150001525878906,57.87757873535156,7329705,0.0,0,34.535222300013956
2019-08-16,63.0,65.0999984741211,62.25,64.3499984741211,58.977386474609375,8615614,0.0,0,34.85181547175498
2019-08-19,65.1500015258789,65.25,63.5,64.1500015258789,58.79408645629883,6658503,0.0,0,35.04217029063196
2019-08-20,64.30000305175781,64.44999694824219,61.34999847412109,61.75,56.59446334838867,9159600,0.0,0,35.8383061867325
2019-08-21,61.5,62.25,59.5,60.25,55.21969985961914,8620741,0.0,0,37.0155493607304
2019-08-22,60.09999847412109,60.75,58.0,58.54999923706055,53.6616325378418,7526923,0.0,0,38.41689476522764
2019-08-23,58.0,59.95000076293945,57.59999847412109,59.400001525878906,54.44066619873047,8302965,0.0,0,39.79660250228684
2019-08-26,62.0,62.79999923706055,59.29999923706055,61.45000076293945,56.31951141357422,10644199,0.0,0,39.24438457319502
2019-08-27,62.29999923706055,64.8499984741211,61.54999923706055,62.650001525878906,57.4193229675293,19468560,0.0,0,37.67563485768933
2019-08-28,62.900001525878906,63.45000076293945,59.79999923706055,60.29999923706055,55.26552581787109,9706964,0.0,0,36.77024589616196
2019-08-29,59.900001525878906,60.70000076293945,58.5,59.650001525878906,54.66979598999024,6468842,0.0,0,36.30164262111075
2019-08-30,60.0,60.400001525878906,57.59999847412109,58.84999847412109,53.93658447265625,14455985,0.0,0,36.11196386356822
2019-09-03,59.75,59.75,51.79999923706055,53.59999847412109,49.124908447265625,20506863,0.0,0,37.14294443022812
2019-09-04,53.29999923706055,54.75,52.400001525878906,53.70000076293945,49.2165641784668,13706474,0.0,0,38.10028352784088
2019-09-05,54.0,54.84999847412109,53.150001525878906,54.54999923706055,49.9955940246582,10457052,0.0,0,38.934756130680356
2019-09-06,54.79999923706055,55.900001525878906,54.20000076293945,55.09999847412109,50.49967575073242,8495003,0.0,0,39.12985127902552
2019-09-09,55.29999923706055,56.79999923706055,54.400001525878906,56.29999923706055,51.5994873046875,8513587,0.0,0,38.82895411568803
2019-09-11,56.45000076293945,59.95000076293945,56.29999923706055,59.70000076293945,54.71561813354492,10448953,0.0,0,37.08253881062514
2019-09-12,60.0,60.29999923706055,58.650001525878906,59.150001525878906,54.21154022216797,9794065,0.0,0,35.3147126769216
2019-09-13,59.25,59.75,56.34999847412109,59.34999847412109,54.39484024047852,13274094,0.0,0,34.376845710801256
2019-09-16,59.0,60.25,58.09999847412109,59.150001525878906,54.21154022216797,7070515,0.0,0,33.28224797762958
2019-09-17,59.150001525878906,59.59999847412109,56.0,56.25,51.55366134643555,8183109,0.0,0,32.86657400413681
2019-09-18,56.79999923706055,57.75,56.5,56.79999923706055,52.057743072509766,7245736,0.0,0,32.48059102875066
2019-09-19,56.900001525878906,57.0,54.5,55.5,50.86627960205078,8260037,0.0,0,32.65556407458519
2019-09-20,55.59999847412109,60.34999847412109,54.25,59.5,54.532318115234375,18547210,0.0,0,31.308601919133658
2019-09-23,60.54999923706055,61.95000076293945,57.79999923706055,61.04999923706055,55.95290756225586,12395820,0.0,0,29.45187669577149
2019-09-24,61.34999847412109,61.400001525878906,59.09999847412109,59.900001525878906,54.898921966552734,7216136,0.0,0,27.727774702649477
2019-09-25,59.5,59.5,55.75,56.34999847412109,51.64530944824219,9728056,0.0,0,27.16348467766594
2019-09-26,56.59999847412109,59.0,56.150001525878906,56.54999923706055,51.82861328125,13245454,0.0,0,26.639501083038372
2019-09-27,56.650001525878906,57.09999847412109,55.04999923706055,55.900001525878906,51.23288345336914,9577332,0.0,0,26.468778195864353
2019-09-30,55.900001525878906,55.95000076293945,52.04999923706055,52.79999923706055,48.39170455932617,11455902,0.0,0,27.064528396487436
2019-10-01,53.09999847412109,53.79999923706055,48.95000076293945,50.900001525878906,46.65033721923828,13418964,0.0,0,28.243077731791207
2019-10-03,50.900001525878906,52.400001525878906,49.900001525878906,51.5,47.20024108886719,10569763,0.0,0,29.337444971716135
2019-10-04,51.84999847412109,52.34999847412109,50.09999847412109,50.45000076293945,46.23790740966797,10025246,0.0,0,30.353643123075
2019-10-07,50.70000076293945,50.79999923706055,49.150001525878906,49.59999847412109,45.45886993408203,8126968,0.0,0,31.494334393391387
2019-10-09,49.59999847412109,51.59999847412109,48.25,51.150001525878906,46.87946319580078,11764776,0.0,0,32.735701083907216
2019-10-10,50.900001525878906,51.0,48.79999923706055,49.09999847412109,45.00061798095703,9014951,0.0,0,33.88839872510049
2019-10-11,49.34999847412109,49.95000076293945,48.09999847412109,49.0,44.90896987915039,11489853,0.0,0,35.108832414527214
2019-10-14,49.150001525878906,51.150001525878906,49.04999923706055,49.5,45.36722183227539,11389521,0.0,0,35.481651949336026
2019-10-15,49.70000076293945,50.34999847412109,48.79999923706055,50.09999847412109,45.9171257019043,7995735,0.0,0,35.894224381916764
2019-10-16,50.09999847412109,51.29999923706055,49.5,50.25,46.05460357666016,8675787,0.0,0,35.67277425849197
2019-10-17,50.20000076293945,52.5,49.79999923706055,52.20000076293945,47.841796875,9455141,0.0,0,34.752294001635036
2019-10-18,52.0,53.84999847412109,51.70000076293945,52.09999847412109,47.750144958496094,14907810,0.0,0,33.16376796119096
2019-10-22,52.09999847412109,54.54999923706055,51.5,52.59999847412109,48.20840072631836,10565637,0.0,0,31.32999503462571
2019-10-23,52.79999923706055,54.09999847412109,51.75,53.70000076293945,49.2165641784668,10388752,0.0,0,29.627205888529403
2019-10-24,54.0,54.34999847412109,50.5,51.45000076293945,47.154415130615234,13677523,0.0,0,28.605174499543967
2019-10-25,51.0,53.75,50.75,53.45000076293945,48.9874382019043,13422215,0.0,0,27.656145352628922
2019-10-27,54.0,55.650001525878906,52.54999923706055,53.29999923706055,48.84995651245117,1299691,0.0,0,25.70570375707843
2019-10-29,53.29999923706055,55.650001525878906,52.900001525878906,54.25,49.72064208984375,9962696,0.0,0,23.89457941835298
2019-10-30,54.45000076293945,57.54999923706055,53.79999923706055,57.09999847412109,52.33269500732422,13854280,0.0,0,23.100696225931134
2019-10-31,57.45000076293945,58.400001525878906,56.45000076293945,57.34999847412109,52.56182098388672,12628217,0.0,0,22.732958298399755
2019-11-01,57.34999847412109,59.900001525878906,57.0,58.900001525878906,53.98241424560547,12440737,0.0,0,22.985059000761186
2019-11-04,58.79999923706055,59.900001525878906,57.900001525878906,58.75,53.84493255615234,10931475,0.0,0,23.219152510096798
2019-11-05,59.09999847412109,59.5,56.95000076293945,57.20000076293945,52.424346923828125,10776611,0.0,0,22.812043604262097
2019-11-06,57.04999923706055,58.04999923706055,56.20000076293945,57.29999923706055,52.515995025634766,8444342,0.0,0,21.967316616196417
2019-11-07,57.29999923706055,58.04999923706055,55.5,55.84999847412109,51.18705749511719,8015791,0.0,0,20.76336257266351
2019-11-08,56.150001525878906,56.150001525878906,54.400001525878906,54.70000076293945,50.13307571411133,8975315,0.0,0,19.532300595471984
2019-11-11,54.29999923706055,55.59999847412109,53.79999923706055,55.20000076293945,50.59132766723633,7557199,0.0,0,18.706581766919495
2019-11-13,55.04999923706055,55.59999847412109,52.400001525878906,52.75,48.34587860107422,8501076,0.0,0,18.62176388484253
2019-11-14,53.0,54.04999923706055,50.84999847412109,52.29999923706055,47.93344497680664,13374384,0.0,0,19.191507432892234
2019-11-15,51.59999847412109,54.900001525878906,51.09999847412109,53.54999923706055,49.07908630371094,31377345,0.0,0,19.168597003127918
2019-11-18,53.54999923706055,55.0,53.54999923706055,54.75,50.178897857666016,12085747,0.0,0,19.082165294752212
2019-11-19,54.95000076293945,60.0,54.79999923706055,58.95000076293945,54.02823638916016,29201112,0.0,0,18.900011243369203
2019-11-20,60.04999923706055,60.650001525878906,57.59999847412109,58.34999847412109,53.478328704833984,19180548,0.0,0,18.965327785391384
2019-11-21,58.29999923706055,59.09999847412109,57.34999847412109,57.54999923706055,52.74512481689453,8633849,0.0,0,18.88881161062468
2019-11-22,57.59999847412109,58.09999847412109,56.54999923706055,56.84999847412109,52.10356521606445,8218088,0.0,0,18.376983840768364
2019-11-25,56.84999847412109,58.29999923706055,56.70000076293945,57.95000076293945,53.11172866821289,9047151,0.0,0,17.98933910840886
2019-11-26,58.25,59.20000076293945,56.650001525878906,57.5,52.69929885864258,12012502,0.0,0,18.021700094670017
2019-11-27,57.5,59.150001525878906,57.0,58.59999847412109,53.70745849609375,8516049,0.0,0,18.05174958191252
2019-11-28,59.04999923706055,65.19999694824219,58.79999923706055,64.80000305175781,59.38982009887695,32833625,0.0,0,20.000415562536098
2019-11-29,64.8499984741211,65.80000305175781,62.400001525878906,63.04999923706055,57.785926818847656,17402732,0.0,0,21.942718879776073
2019-12-02,63.70000076293945,63.70000076293945,62.09999847412109,62.34999847412109,57.14436721801758,9957637,0.0,0,23.557172895316544
2019-12-03,62.150001525878906,62.59999847412109,58.79999923706055,59.20000076293945,54.25736618041992,12732434,0.0,0,23.242782918154404
2019-12-04,58.79999923706055,61.0,58.0,59.70000076293945,54.71561813354492,20739104,0.0,0,22.577665134044928
2019-12-05,60.0,60.650001525878906,57.650001525878906,58.150001525878906,53.2950325012207,14512861,0.0,0,21.795341327118788
2019-12-06,58.5,58.79999923706055,54.54999923706055,54.95000076293945,50.36219787597656,14879906,0.0,0,20.698399011019877
2019-12-09,54.95000076293945,56.84999847412109,54.45000076293945,55.59999847412109,50.95792770385742,12906205,0.0,0,19.71716800134673
2019-12-10,55.59999847412109,56.0,53.70000076293945,53.95000076293945,49.4456901550293,11951873,0.0,0,19.093120067801944
2019-12-11,53.84999847412109,55.150001525878906,53.20000076293945,54.400001525878906,49.85812377929688,11382369,0.0,0,18.70492931708737
2019-12-12,54.79999923706055,56.400001525878906,54.54999923706055,55.79999923706055,51.141231536865234,12161750,0.0,0,17.736200386522885
2019-12-13,56.20000076293945,59.95000076293945,56.150001525878906,59.59999847412109,54.623966217041016,21625185,0.0,0,17.50212222813902
2019-12-16,60.29999923706055,60.45000076293945,58.0,58.25,53.386680603027344,12774931,0.0,0,17.452790975062392
2019-12-17,58.59999847412109,59.20000076293945,57.79999923706055,58.25,53.386680603027344,11766184,0.0,0,17.30929953767863
2019-12-18,58.0,58.20000076293945,55.650001525878906,56.54999923706055,51.82861328125,14025723,0.0,0,16.191823941243015
2019-12-19,56.59999847412109,57.45000076293945,55.79999923706055,56.84999847412109,52.10356521606445,11685641,0.0,0,15.154168030267087
2019-12-20,57.09999847412109,59.84999847412109,56.84999847412109,59.150001525878906,54.21154022216797,21863110,0.0,0,15.130734355518937
2019-12-23,59.0,60.09999847412109,57.650001525878906,58.45000076293945,53.56998443603516,14498096,0.0,0,15.198968686406797
2019-12-24,58.70000076293945,59.34999847412109,58.0,58.34999847412109,53.478328704833984,12033545,0.0,0,15.262329136516952
2019-12-26,58.34999847412109,58.5,54.0,54.45000076293945,49.90394592285156,26846326,0.0,0,14.808995074908932
2019-12-27,54.900001525878906,56.34999847412109,54.75,55.5,50.86627960205078,14585338,0.0,0,14.388042017701483
2019-12-30,55.400001525878906,55.45000076293945,54.34999847412109,55.0,50.40802383422852,7345559,0.0,0,14.155705195674953
2019-12-31,54.900001525878906,55.25,54.5,54.79999923706055,50.22472381591797,6146968,0.0,0,13.93996386093603
2020-01-01,55.04999923706055,55.59999847412109,54.150001525878906,54.54999923706055,49.9955940246582,4807629,0.0,0,13.892815820936473
2020-01-02,54.45000076293945,55.45000076293945,54.45000076293945,55.150001525878906,50.545501708984375,5754393,0.0,0,13.849035498079742
2020-01-03,55.09999847412109,55.5,54.34999847412109,54.75,50.178897857666016,5525524,0.0,0,13.857524671532428
2020-01-06,54.150001525878906,54.29999923706055,52.79999923706055,52.95000076293945,48.529178619384766,5204531,0.0,0,14.58401753576455
2020-01-07,53.59999847412109,54.29999923706055,52.25,52.70000076293945,48.30005645751953,5527537,0.0,0,15.490738359828438
2020-01-08,51.900001525878906,52.59999847412109,51.0,51.95000076293945,47.6126708984375,4490512,0.0,0,16.824979655719364
2020-01-09,52.900001525878906,53.400001525878906,52.25,52.54999923706055,48.162574768066406,5088100,0.0,0,17.47630076707077
2020-01-10,52.45000076293945,53.45000076293945,52.29999923706055,52.650001525878906,48.25422668457031,4761614,0.0,0,18.04412615227114
2020-01-13,53.29999923706055,53.29999923706055,52.150001525878906,52.54999923706055,48.162574768066406,3714041,0.0,0,18.64119525292787
2020-01-14,52.25,52.95000076293945,51.84999847412109,52.5,48.11675262451172,3239557,0.0,0,19.3399213664921
2020-01-15,52.5,52.900001525878906,52.20000076293945,52.650001525878906,48.25422668457031,2829991,0.0,0,19.9887384719446
2020-01-16,52.79999923706055,53.150001525878906,52.400001525878906,52.75,48.34587860107422,3704771,0.0,0,20.35414104319656
2020-01-17,52.5,53.09999847412109,52.20000076293945,52.59999847412109,48.20840072631836,3655362,0.0,0,20.809963936788836
2020-01-20,52.75,52.84999847412109,51.59999847412109,52.0,47.65849685668945,2391889,0.0,0,21.577269729202932
2020-01-21,51.79999923706055,52.29999923706055,51.5,51.75,47.42937088012695,2308022,0.0,0,22.346785472370758
2020-01-22,52.0,52.20000076293945,51.29999923706055,51.5,47.20024108886719,1736721,0.0,0,23.179738724552898
2020-01-23,51.5,52.84999847412109,51.34999847412109,52.400001525878906,48.02510070800781,3343402,0.0,0,23.197129744781222
2020-01-24,52.400001525878906,53.0,52.150001525878906,52.34999847412109,47.97927474975586,2862184,0.0,0,23.04355152401528
2020-01-27,52.0,52.34999847412109,51.59999847412109,51.84999847412109,47.5210189819336,1991306,0.0,0,23.299376600797245
2020-01-28,51.900001525878906,52.09999847412109,51.0,51.5,47.20024108886719,2011311,0.0,0,23.938604161168787
2020-01-29,51.79999923706055,51.95000076293945,51.20000076293945,51.5,47.20024108886719,1710263,0.0,0,24.532172610085215
2020-01-30,51.25,51.5,50.20000076293945,50.59999847412109,46.37538146972656,1971860,0.0,0,25.70775433408424
2020-01-31,50.900001525878906,51.400001525878906,49.09999847412109,49.900001525878906,45.73382568359375,2160583,0.0,0,27.358198540364594
2020-02-03,48.25,48.900001525878906,47.34999847412109,47.650001525878906,43.67168045043945,2917775,0.0,0,29.567523455145157
2020-02-04,47.900001525878906,48.400001525878906,47.5,48.0,43.99245834350586,2484469,0.0,0,31.619039447441395
2020-02-05,48.20000076293945,48.70000076293945,48.0,48.5,44.45071029663086,1708093,0.0,0,33.12269453587132
2020-02-06,48.5,50.650001525878906,48.45000076293945,49.0,44.90896987915039,4266040,0.0,0,32.34863983557093
2020-02-07,49.25,49.5,48.54999923706055,48.95000076293945,44.86314392089844,2122619,0.0,0,31.629874756720564
2020-02-10,49.0,52.400001525878906,47.650001525878906,50.95000076293945,46.69615936279297,6161761,0.0,0,30.01085164021155
2020-02-11,51.900001525878906,51.900001525878906,49.20000076293945,49.75,45.59635162353516,5602045,0.0,0,28.507473032024603
2020-02-12,49.70000076293945,50.09999847412109,48.54999923706055,48.79999923706055,44.72566604614258,2404887,0.0,0,26.626666503513885
2020-02-13,48.59999847412109,49.400001525878906,48.0,48.45000076293945,44.40488815307617,2720671,0.0,0,24.961330396223964
2020-02-14,48.45000076293945,48.900001525878906,47.400001525878906,47.75,43.76333236694336,2627577,0.0,0,23.824884631727333
2020-02-17,47.75,47.75,46.54999923706055,46.75,42.84682083129883,2161371,0.0,0,23.30906015870042
2020-02-18,46.5,46.79999923706055,40.04999923706055,43.25,39.6390380859375,5665324,0.0,0,25.249302363701627
2020-02-19,43.5,44.400001525878906,43.20000076293945,44.20000076293945,40.50972366333008,2615042,0.0,0,27.050955839774183
2020-02-20,43.900001525878906,44.79999923706055,43.70000076293945,44.20000076293945,40.50972366333008,2389438,0.0,0,28.42116661951988
2020-02-24,43.04999923706055,43.70000076293945,41.5,42.20000076293945,38.67670440673828,2115016,0.0,0,30.242638155307308
2020-02-25,42.45000076293945,42.650001525878906,41.54999923706055,42.150001525878906,38.63087844848633,2322554,0.0,0,31.934004581395634
2020-02-26,41.900001525878906,42.29999923706055,41.0,41.29999923706055,37.851844787597656,2347752,0.0,0,33.63557737175356
2020-02-27,41.29999923706055,41.29999923706055,40.20000076293945,40.400001525878906,37.02698516845703,2026301,0.0,0,35.40110431371125
2020-02-28,38.54999923706055,39.400001525878906,36.79999923706055,37.150001525878906,34.04833221435547,3523901,0.0,0,37.670457791635826
2020-03-02,38.0,38.150001525878906,36.09999847412109,36.34999847412109,33.315120697021484,2675507,0.0,0,39.88287044415931
2020-03-03,36.70000076293945,36.75,35.04999923706055,36.29999923706055,33.26929473876953,3306566,0.0,0,42.088542950054155
2020-03-04,36.29999923706055,38.75,35.349998474121094,36.400001525878906,33.36094665527344,6454043,0.0,0,42.652264484860765
2020-03-05,36.09999847412109,40.0,36.09999847412109,39.5,36.20212936401367,9531514,0.0,0,42.36463319456774
2020-03-06,37.04999923706055,38.70000076293945,36.29999923706055,36.70000076293945,33.63589859008789,4572495,0.0,0,42.097546996438496
2020-03-09,35.95000076293945,35.95000076293945,33.54999923706055,33.849998474121094,31.02384757995605,3611725,0.0,0,42.5592932704075
2020-03-11,34.0,34.5,32.5,32.900001525878906,30.15316390991211,3551512,0.0,0,43.21738455906303
2020-03-12,30.200000762939453,31.5,28.799999237060547,29.049999237060547,26.624601364135746,4209114,0.0,0,44.48816106422792
2020-03-13,26.299999237060547,31.600000381469727,24.399999618530277,31.0,28.41179656982422,6204887,0.0,0,46.216695149333255
2020-03-16,29.700000762939453,30.049999237060547,28.549999237060547,29.649999618530277,27.17450714111328,2676456,0.0,0,47.82176251407392
2020-03-17,30.0,31.100000381469727,29.0,29.700000762939453,27.220333099365234,3188890,0.0,0,48.6893579921217
2020-03-18,30.899999618530277,30.899999618530277,28.600000381469727,29.549999237060547,27.082857131958008,3016227,0.0,0,49.554360895832836
2020-03-19,28.399999618530277,30.399999618530277,27.600000381469727,28.850000381469727,26.44129943847656,3077729,0.0,0,50.50583476115748
2020-03-20,29.100000381469727,29.899999618530277,28.600000381469727,29.149999618530277,26.71625328063965,4874763,0.0,0,51.389346207530366
2020-03-23,27.149999618530277,28.0,25.100000381469727,25.799999237060547,23.645944595336918,2375651,0.0,0,52.6788616314164
2020-03-24,27.299999237060547,27.700000762939453,25.25,27.399999618530277,25.112361907958984,2360676,0.0,0,53.87626881073915
2020-03-25,26.5,27.350000381469727,26.200000762939453,26.850000381469727,24.6082820892334,1669507,0.0,0,54.988146905824564
2020-03-26,27.100000381469727,29.25,26.850000381469727,28.200000762939453,25.845571517944336,2454484,0.0,0,54.72439386371055
2020-03-27,30.0,30.799999237060547,28.100000381469727,29.049999237060547,26.624601364135746,3370786,0.0,0,53.550109238791705
2020-03-30,28.850000381469727,28.850000381469727,27.600000381469727,28.350000381469727,25.98304557800293,1864682,0.0,0,52.587580208071586
2020-03-31,29.649999618530277,29.75,28.399999618530277,28.700000762939453,26.303823471069336,1764146,0.0,0,51.1611328124656
2020-04-01,29.200000762939453,29.399999618530277,28.549999237060547,28.75,26.34964942932129,1772834,0.0,0,49.83657451654576
2020-04-03,29.0,29.149999618530277,28.100000381469727,28.600000381469727,26.212173461914062,1378652,0.0,0,48.750766318875534
2020-04-07,29.75,29.75,28.799999237060547,29.0,26.57877540588379,1885650,0.0,0,47.3460268155481
2020-04-08,28.799999237060547,30.399999618530277,28.549999237060547,29.0,26.57877540588379,2628257,0.0,0,45.61848043486117
2020-04-09,29.149999618530277,29.600000381469727,28.75,28.799999237060547,26.39547348022461,3963000,0.0,0,44.01433022422329
2020-04-13,28.899999618530277,28.899999618530277,28.200000762939453,28.350000381469727,25.98304557800293,1782834,0.0,0,42.76129316278341
2020-04-15,28.350000381469727,29.600000381469727,28.350000381469727,28.950000762939453,26.53295135498047,4087115,0.0,0,41.093917351018845
2020-04-16,28.850000381469727,29.600000381469727,28.399999618530277,29.299999237060547,26.853729248046875,3600789,0.0,0,39.54563981152318
2020-04-17,30.200000762939453,30.399999618530277,28.950000762939453,29.100000381469727,26.670429229736328,4092763,0.0,0,37.52079322695012
2020-04-20,29.149999618530277,30.299999237060547,29.049999237060547,29.5,27.03703117370605,11500241,0.0,0,35.64057854127513
2020-04-21,29.0,29.049999237060547,28.0,28.149999618530277,25.79974365234375,4159450,0.0,0,34.49625827306631
2020-04-22,28.149999618530277,28.75,28.0,28.450000762939453,26.07469749450684,4383029,0.0,0,33.433675166872405
2020-04-23,28.450000762939453,28.799999237060547,28.299999237060547,28.399999618530277,26.028871536254883,2417157,0.0,0,32.402470528026186
2020-04-24,28.0,28.299999237060547,27.600000381469727,27.649999618530277,25.341487884521484,3189565,0.0,0,31.86635844484726
2020-04-27,27.799999237060547,27.950000762939453,27.350000381469727,27.450000762939453,25.158187866210938,5446987,0.0,0,31.514729019989716
2020-04-28,27.5,27.600000381469727,26.600000381469727,26.799999237060547,24.56245422363281,6274030,0.0,0,31.61047162392483
2020-04-29,27.0,27.350000381469727,26.700000762939453,27.049999237060547,24.791582107543945,4322727,0.0,0,31.699375470436014
2020-04-30,27.399999618530277,27.75,27.149999618530277,27.25,24.97488594055176,4760552,0.0,0,31.32960207124228
2020-05-04,26.549999237060547,26.75,26.0,26.100000381469727,23.9208984375,3334752,0.0,0,31.66118610008268
2020-05-05,26.5,26.5,25.450000762939453,25.5,23.370994567871094,3831287,0.0,0,32.25319237599411
2020-05-06,25.600000381469727,25.649999618530277,24.399999618530277,24.5,22.454484939575195,5048379,0.0,0,33.288693470797945
2020-05-07,24.5,24.75,24.049999237060547,24.100000381469727,22.087879180908203,4227682,0.0,0,34.39882268027186
2020-05-08,24.25,24.450000762939453,23.600000381469727,23.799999237060547,21.81292724609375,2897417,0.0,0,35.6172164363601
2020-05-11,24.0,24.100000381469727,23.600000381469727,23.850000381469727,21.858753204345703,2550388,0.0,0,36.748582067013466
2020-05-12,23.549999237060547,24.100000381469727,23.25,23.950000762939453,21.950403213500977,2397272,0.0,0,37.95253929409864
2020-05-13,25.75,25.75,24.399999618530277,25.100000381469727,23.0043888092041,7005233,0.0,0,37.05813380947245
2020-05-14,25.0,25.299999237060547,24.700000762939453,24.850000381469727,22.7752628326416,2628947,0.0,0,36.227614430890995
2020-05-15,24.850000381469727,24.950000762939453,24.299999237060547,24.700000762939453,22.63778686523437,3201505,0.0,0,35.71761800376577
2020-05-18,24.700000762939453,24.700000762939453,23.200000762939453,23.600000381469727,21.62962532043457,4069503,0.0,0,35.88638008381087
2020-05-19,23.649999618530277,23.850000381469727,22.799999237060547,22.899999618530277,20.988067626953125,3836156,0.0,0,36.25234015839316
2020-05-20,22.899999618530277,23.200000762939453,22.649999618530277,23.0,21.07971954345703,2250707,0.0,0,36.67115800531053
2020-05-21,23.0,23.600000381469727,22.899999618530277,23.200000762939453,21.26302146911621,2766730,0.0,0,36.54143189072561
2020-05-22,23.200000762939453,23.600000381469727,22.649999618530277,22.850000381469727,20.942243576049805,3421837,0.0,0,36.57566709076763
2020-05-26,23.049999237060547,23.25,22.850000381469727,22.899999618530277,20.988067626953125,1495192,0.0,0,36.60745691937807
2020-05-27,22.899999618530277,23.5,22.649999618530277,23.25,21.30884552001953,3265393,0.0,0,36.27362930711035
2020-05-28,23.299999237060547,24.0,23.299999237060547,23.399999618530277,21.44632339477539,2766110,0.0,0,35.26589956472722
2020-05-29,23.299999237060547,23.799999237060547,23.149999618530277,23.649999618530277,21.675451278686523,2463870,0.0,0,34.46003365586459
2020-06-01,24.049999237060547,25.899999618530277,24.0,25.5,23.370994567871094,6981967,0.0,0,32.592273159588004
2020-06-02,25.5,25.850000381469727,25.149999618530277,25.649999618530277,23.50847053527832,3592260,0.0,0,30.857924127331167
2020-06-03,26.0,28.850000381469727,26.0,27.899999618530277,25.570615768432617,14205413,0.0,0,31.221792316839544
2020-06-04,28.0,30.5,28.0,29.149999618530277,26.71625328063965,13887365,0.0,0,32.25278700151724
2020-06-05,30.0,30.600000381469727,29.399999618530277,30.350000381469727,27.816064834594727,8522437,0.0,0,33.248148036125386
2020-06-08,31.299999237060547,31.700000762939453,29.299999237060547,29.549999237060547,27.082857131958008,9682131,0.0,0,34.571919537523826
2020-06-09,29.799999237060547,30.299999237060547,28.049999237060547,28.399999618530277,26.028871536254883,8140153,0.0,0,34.57774775872431
2020-06-10,28.649999618530277,29.700000762939453,28.350000381469727,29.299999237060547,26.853729248046875,5551984,0.0,0,34.58315967841047
2020-06-11,29.5,29.649999618530277,28.549999237060547,28.75,26.34964942932129,6408707,0.0,0,34.58818503240476
2020-06-12,27.549999237060547,28.799999237060547,27.100000381469727,28.649999618530277,26.257997512817383,4618964,0.0,0,33.241356648889145
2020-06-15,28.649999618530277,29.950000762939453,28.149999618530277,29.25,26.807905197143555,8309644,0.0,0,32.63571206875311
2020-06-16,30.149999618530277,30.399999618530277,27.850000381469727,28.899999618530277,26.48712539672852,6255832,0.0,0,32.305515805722294
2020-06-17,28.850000381469727,29.25,28.100000381469727,29.0,26.57877540588379,4026677,0.0,0,31.99890499005082
2020-06-18,28.950000762939453,29.649999618530277,28.899999618530277,29.399999618530277,26.94538116455078,3798169,0.0,0,31.933450795470414
2020-06-19,29.799999237060547,31.700000762939453,29.299999237060547,30.700000762939453,28.136842727661133,14607168,0.0,0,32.810487013131606
2020-06-22,31.0,33.29999923706055,31.0,32.79999923706055,30.061511993408203,15635325,0.0,0,34.17489149566677
2020-06-23,33.849998474121094,36.54999923706055,33.5,35.95000076293945,32.948516845703125,24991472,0.0,0,36.23841592455047
2020-06-24,36.5,36.5,32.29999923706055,32.900001525878906,30.15316390991211,23197023,0.0,0,37.17115553886946
2020-06-25,32.650001525878906,33.5,31.799999237060547,33.29999923706055,30.51976776123047,6228569,0.0,0,37.648009376514885
2020-06-26,33.79999923706055,35.400001525878906,33.25,33.849998474121094,31.02384757995605,6842752,0.0,0,38.61207949242286
2020-06-29,33.54999923706055,33.54999923706055,32.349998474121094,32.75,30.01568603515625,4223319,0.0,0,38.836034952490174
2020-06-30,33.04999923706055,33.29999923706055,31.700000762939453,31.799999237060547,29.145002365112305,3493404,0.0,0,38.57695706727611
2020-07-01,32.0,32.599998474121094,31.549999237060547,32.5,29.78656005859375,4275027,0.0,0,38.22692381212527
2020-07-02,32.5,32.95000076293945,32.099998474121094,32.400001525878906,29.69491004943848,3526830,0.0,0,38.033078243523164
2020-07-03,32.70000076293945,32.75,32.0,32.04999923706055,29.37413024902344,2757251,0.0,0,37.771303609201425
2020-07-06,32.349998474121094,32.5,32.099998474121094,32.20000076293945,29.511608123779297,2888852,0.0,0,37.52822716304552
2020-07-07,32.400001525878906,32.400001525878906,32.0,32.150001525878906,29.465784072875977,2295839,0.0,0,37.209387153332365
2020-07-08,32.29999923706055,34.0,32.150001525878906,32.5,29.78656005859375,13531643,0.0,0,37.59817958483539
2020-07-09,32.79999923706055,33.150001525878906,32.5,32.70000076293945,29.96986198425293,3649853,0.0,0,37.95920112837392
2020-07-10,32.5,32.599998474121094,31.75,32.04999923706055,29.37413024902344,3550490,0.0,0,37.55828428414002
2020-07-13,32.099998474121094,32.45000076293945,31.350000381469727,31.549999237060547,28.91587448120117,2943667,0.0,0,36.80936528978844
2020-07-14,31.200000762939453,31.399999618530277,30.25,30.450000762939453,27.907716751098636,3246712,0.0,0,35.15598223556946
2020-07-15,30.700000762939453,31.0,30.100000381469727,30.149999618530277,27.632762908935547,2398475,0.0,0,33.49678701367152
2020-07-16,30.149999618530277,30.200000762939453,29.600000381469727,29.899999618530277,27.40363502502441,2581989,0.0,0,31.540836736052164
2020-07-17,29.899999618530277,31.649999618530277,29.75,31.299999237060547,28.686748504638672,4796816,0.0,0,30.660629741376862
2020-07-20,31.549999237060547,31.700000762939453,30.850000381469727,31.049999237060547,28.45762062072754,4122366,0.0,0,29.873049289153016
2020-07-21,31.649999618530277,31.850000381469727,31.0,31.149999618530277,28.549272537231445,2655547,0.0,0,29.235789655306004
2020-07-22,31.25,31.350000381469727,30.549999237060547,30.799999237060547,28.228492736816406,2256504,0.0,0,28.20966505720661
2020-07-23,30.75,31.25,30.600000381469727,30.850000381469727,28.27431869506836,2760242,0.0,0,27.256835073257175
2020-07-24,30.700000762939453,30.75,30.299999237060547,30.549999237060547,27.999364852905277,2084425,0.0,0,26.065031456412203
2020-07-27,30.399999618530277,30.549999237060547,29.5,29.549999237060547,27.082857131958008,3252249,0.0,0,24.214509925329022
2020-07-28,29.5,29.850000381469727,28.899999618530277,29.200000762939453,26.7620792388916,2759742,0.0,0,23.014481212494676
2020-07-29,29.5,30.450000762939453,29.200000762939453,29.700000762939453,27.220333099365234,4300467,0.0,0,21.397934997517872
2020-07-30,30.0,30.100000381469727,29.149999618530277,29.299999237060547,26.853729248046875,2010269,0.0,0,19.888573197118575
2020-07-31,29.0,29.350000381469727,28.799999237060547,29.0,26.57877540588379,2359190,0.0,0,18.81842278713837
2020-08-03,29.0,29.399999618530277,28.899999618530277,29.049999237060547,26.624601364135746,2520814,0.0,0,17.771464398195736
2020-08-04,29.399999618530277,29.399999618530277,29.0,29.100000381469727,26.670429229736328,1649935,0.0,0,16.79928875132043
2020-08-05,29.149999618530277,30.100000381469727,29.100000381469727,29.450000762939453,26.99120712280273,2796376,0.0,0,16.071755568717144
2020-08-06,29.399999618530277,29.700000762939453,29.100000381469727,29.399999618530277,26.94538116455078,2329028,0.0,0,15.396189042014095
2020-08-07,29.25,29.600000381469727,29.049999237060547,29.399999618530277,26.94538116455078,2388288,0.0,0,14.704172587243496
2020-08-10,29.5,29.799999237060547,29.299999237060547,29.5,27.03703117370605,1664354,0.0,0,14.299389359603243
2020-08-11,29.700000762939453,31.0,29.25,30.700000762939453,28.136842727661133,6911725,0.0,0,15.130488454150322
2020-08-12,31.799999237060547,31.799999237060547,30.700000762939453,30.850000381469727,28.27431869506836,12782399,0.0,0,16.524764898889195
2020-08-13,30.950000762939453,31.100000381469727,30.200000762939453,30.25,27.724414825439453,3301370,0.0,0,17.113582809492495
2020-08-14,30.399999618530277,30.399999618530277,29.299999237060547,29.5,27.03703117370605,3342798,0.0,0,16.55037503191461
2020-08-17,29.600000381469727,29.950000762939453,29.100000381469727,29.350000381469727,26.899555206298828,3174028,0.0,0,15.801579495786012
2020-08-18,29.549999237060547,29.549999237060547,29.25,29.399999618530277,26.94538116455078,2600180,0.0,0,15.10626935509517
2020-08-19,29.600000381469727,30.149999618530277,29.600000381469727,29.899999618530277,27.40363502502441,5537764,0.0,0,15.074471302032586
2020-08-20,29.850000381469727,30.149999618530277,29.549999237060547,29.899999618530277,27.40363502502441,3400627,0.0,0,14.978245287789608
2020-08-21,30.200000762939453,30.899999618530277,30.149999618530277,30.450000762939453,27.907716751098636,6899257,0.0,0,15.605315586276404
2020-08-24,31.799999237060547,32.20000076293945,30.799999237060547,30.899999618530277,28.320144653320312,13938959,0.0,0,17.158699245033866
2020-08-25,31.0,31.149999618530277,30.5,30.549999237060547,27.999364852905277,5621927,0.0,0,18.184800840479134
2020-08-26,30.5,30.700000762939453,30.350000381469727,30.5,27.953540802001957,3000489,0.0,0,18.927742166889796
2020-08-27,30.5,30.950000762939453,30.5,30.549999237060547,27.999364852905277,3868068,0.0,0,19.814261714987094
2020-08-28,30.75,31.850000381469727,30.600000381469727,31.399999618530277,28.778398513793945,13615067,0.0,0,21.27514143235775
2020-08-31,32.45000076293945,32.45000076293945,30.0,30.200000762939453,27.6785888671875,9254039,0.0,0,22.995962118663925
2020-09-01,30.149999618530277,30.399999618530277,29.25,29.899999618530277,27.40363502502441,4425447,0.0,0,23.523484700740234
2020-09-02,29.899999618530277,29.950000762939453,29.350000381469727,29.600000381469727,27.12868309020996,2558654,0.0,0,24.013327098382522
2020-09-03,29.649999618530277,30.0,29.5,29.75,27.266159057617188,1956816,0.0,0,24.50750170384199
2020-09-04,29.299999237060547,29.600000381469727,29.049999237060547,29.350000381469727,26.899555206298828,2488925,0.0,0,24.30063499606504
2020-09-07,29.25,29.399999618530277,28.850000381469727,28.950000762939453,26.53295135498047,2554911,0.0,0,23.822334825264416
2020-09-08,29.049999237060547,29.100000381469727,28.649999618530277,28.75,26.34964942932129,1536880,0.0,0,23.0903402094328
2020-09-09,28.100000381469727,28.5,27.850000381469727,28.25,25.891395568847656,1994113,0.0,0,21.514907090900056
2020-09-10,28.350000381469727,29.149999618530277,28.350000381469727,28.799999237060547,26.39547348022461,2103326,0.0,0,20.63431477265198
2020-09-11,28.799999237060547,29.149999618530277,28.399999618530277,28.649999618530277,26.257997512817383,2030705,0.0,0,19.816621905707336
2020-09-14,28.700000762939453,28.950000762939453,28.5,28.600000381469727,26.212173461914062,2105705,0.0,0,19.05733567211588
2020-09-15,28.899999618530277,28.899999618530277,27.799999237060547,28.149999618530277,25.79974365234375,2724141,0.0,0,17.974016539935135
2020-09-16,28.200000762939453,28.350000381469727,27.299999237060547,27.899999618530277,25.570615768432617,2894231,0.0,0,17.547202424128887
2020-09-17,27.75,27.799999237060547,27.200000762939453,27.5,25.204011917114254,2489430,0.0,0,17.263047210376236
2020-09-18,27.649999618530277,27.700000762939453,26.649999618530277,26.850000381469727,24.6082820892334,4313508,0.0,0,17.58936583468109
2020-09-21,26.850000381469727,27.950000762939453,25.700000762939453,26.049999237060547,23.875072479248047,6731905,0.0,0,18.73534035342824
2020-09-22,26.0,26.200000762939453,24.950000762939453,25.5,23.370994567871094,4098199,0.0,0,20.33872791360563
2020-09-23,25.549999237060547,25.899999618530277,24.950000762939453,25.149999618530277,23.05021476745605,2912368,0.0,0,21.82758779091321
2020-09-24,25.0,25.049999237060547,24.549999237060547,24.850000381469727,22.7752628326416,2209015,0.0,0,23.486282720942874
2020-09-25,24.850000381469727,24.850000381469727,23.649999618530277,24.25,22.22535514831543,8063214,0.0,0,25.565808844022936
2020-09-28,24.5,24.950000762939453,24.25,24.799999237060547,22.729434967041016,4283956,0.0,0,27.320486095013287
2020-09-29,24.950000762939453,25.299999237060547,24.450000762939453,24.700000762939453,22.63778686523437,2378567,0.0,0,28.33359675927839
2020-09-30,24.700000762939453,24.700000762939453,24.299999237060547,24.350000381469727,22.31700897216797,1622254,0.0,0,29.382297930772268
2020-10-01,24.399999618530277,24.850000381469727,23.899999618530277,24.25,22.22535514831543,2583274,0.0,0,30.637243432124126
2020-10-05,24.5,25.049999237060547,24.350000381469727,24.549999237060547,22.50030899047852,2170845,0.0,0,31.426149493094407
2020-10-06,24.600000381469727,24.75,24.350000381469727,24.450000762939453,22.40865898132324,1386792,0.0,0,32.15870512113823
2020-10-07,24.5,24.600000381469727,24.200000762939453,24.350000381469727,22.31700897216797,1337626,0.0,0,32.96493573573314
2020-10-08,24.5,24.850000381469727,24.350000381469727,24.450000762939453,22.40865898132324,3341770,0.0,0,33.18594680925025
2020-10-09,24.549999237060547,25.0,24.200000762939453,24.899999618530277,22.82108688354492,3820599,0.0,0,33.07821092084971
2020-10-12,25.100000381469727,25.649999618530277,24.799999237060547,24.899999618530277,22.82108688354492,2125431,0.0,0,31.74937814091058
2020-10-13,24.850000381469727,24.950000762939453,24.149999618530277,24.25,22.22535514831543,1850280,0.0,0,31.268950923695904
2020-10-14,24.399999618530277,24.399999618530277,23.899999618530277,24.100000381469727,22.087879180908203,4388115,0.0,0,31.083143242327615
2020-10-15,24.100000381469727,24.299999237060547,23.299999237060547,23.399999618530277,21.44632339477539,3905520,0.0,0,31.479254515634587
2020-10-16,23.549999237060547,23.75,23.100000381469727,23.25,21.30884552001953,2538978,0.0,0,32.02143328221861
2020-10-19,23.399999618530277,23.950000762939453,23.25,23.799999237060547,21.81292724609375,3254527,0.0,0,32.1292211979578
2020-10-20,23.850000381469727,23.850000381469727,23.450000762939453,23.549999237060547,21.583799362182617,1722272,0.0,0,32.229309976858474
2020-10-21,23.600000381469727,24.600000381469727,23.600000381469727,24.399999618530277,22.36283302307129,4188208,0.0,0,30.91396583675181
2020-10-22,24.100000381469727,24.350000381469727,24.0,24.149999618530277,22.13370513916016,1758051,0.0,0,29.692574849509914
2020-10-23,24.200000762939453,24.5,24.049999237060547,24.350000381469727,22.31700897216797,1200783,0.0,0,28.289222450460766
2020-10-26,24.350000381469727,24.75,24.149999618530277,24.299999237060547,22.271181106567383,1367337,0.0,0,26.545132241421715
2020-10-27,24.299999237060547,24.350000381469727,23.899999618530277,24.0,21.99622917175293,1285814,0.0,0,25.316822405886086
2020-10-28,23.950000762939453,24.25,23.75,23.850000381469727,21.858753204345703,2804362,0.0,0,24.4061596133596
2020-10-29,24.0,24.0,23.450000762939453,23.600000381469727,21.62962532043457,1750345,0.0,0,24.004222531979103
2020-10-30,23.600000381469727,24.25,23.5,24.049999237060547,22.04205322265625,1331467,0.0,0,23.12248760372901
2020-11-02,24.100000381469727,24.649999618530277,23.799999237060547,23.950000762939453,21.950403213500977,4090621,0.0,0,21.557154347513492
2020-11-03,24.399999618530277,24.399999618530277,23.649999618530277,23.850000381469727,21.858753204345703,3249018,0.0,0,20.360671188782216
2020-11-04,23.950000762939453,24.149999618530277,23.600000381469727,23.799999237060547,21.81292724609375,2411301,0.0,0,19.33741238974173
2020-11-05,24.0,24.299999237060547,23.899999618530277,24.100000381469727,22.087879180908203,2921335,0.0,0,18.08405451376115
2020-11-06,24.5,24.649999618530277,24.25,24.5,22.454484939575195,4706645,0.0,0,17.328970810956182
2020-11-09,25.200000762939453,25.450000762939453,24.700000762939453,24.850000381469727,22.7752628326416,5102910,0.0,0,17.84110399507433
2020-11-10,25.200000762939453,25.25,24.799999237060547,25.149999618530277,23.05021476745605,5218662,0.0,0,18.316656237469754
2020-11-11,25.149999618530277,25.600000381469727,24.850000381469727,24.950000762939453,22.866912841796875,4427176,0.0,0,19.217953740621002
2020-11-12,24.850000381469727,25.149999618530277,24.700000762939453,24.75,22.68361091613769,2966687,0.0,0,19.700846188010047
2020-11-13,24.5,24.799999237060547,24.450000762939453,24.700000762939453,22.63778686523437,2719941,0.0,0,19.576761974114355
2020-11-14,24.799999237060547,24.950000762939453,24.75,24.899999618530277,22.82108688354492,707848,0.0,0,19.692916644820396
2020-11-17,25.0,25.200000762939453,24.850000381469727,24.899999618530277,22.82108688354492,3785057,0.0,0,20.17326359000941
2020-11-18,24.850000381469727,25.75,24.850000381469727,25.649999618530277,23.50847053527832,5456921,0.0,0,21.331703269012678
2020-11-19,25.450000762939453,25.75,25.200000762939453,25.25,23.141864776611328,3752436,0.0,0,22.407397256658573
2020-11-20,25.299999237060547,25.75,25.200000762939453,25.549999237060547,23.41681861877441,4671815,0.0,0,23.406255959472617
2020-11-23,25.850000381469727,25.950000762939453,25.450000762939453,25.600000381469727,23.462644577026367,3738338,0.0,0,24.597247448836843
2020-11-24,25.700000762939453,25.850000381469727,25.600000381469727,25.700000762939453,23.554296493530277,2435588,0.0,0,25.703168117532194
2020-11-25,26.0,27.149999618530277,26.0,26.700000762939453,24.47080612182617,12786008,0.0,0,28.03199601933962
2020-11-26,26.950000762939453,27.350000381469727,26.649999618530277,27.25,24.97488594055176,7434235,0.0,0,30.337366023125348
2020-11-27,27.450000762939453,28.200000762939453,27.299999237060547,28.0,25.66226577758789,9118979,0.0,0,32.98856538148726
2020-12-01,28.299999237060547,29.25,28.25,28.899999618530277,26.48712539672852,10355127,0.0,0,35.89962941158957
2020-12-02,29.25,29.75,29.0,29.399999618530277,26.94538116455078,10974145,0.0,0,38.77186088446251
2020-12-03,29.600000381469727,31.25,29.600000381469727,30.950000762939453,28.365970611572266,14547960,0.0,0,41.823867180658944
2020-12-04,31.450000762939453,31.950000762939453,30.049999237060547,31.149999618530277,28.549272537231445,15159912,0.0,0,44.792431395816735
2020-12-07,31.25,31.600000381469727,31.0,31.299999237060547,28.686748504638672,8100266,0.0,0,47.54895530989183
2020-12-08,31.549999237060547,34.20000076293945,31.200000762939453,33.849998474121094,31.02384757995605,33110725,0.0,0,50.47046246648597
2020-12-09,34.599998474121094,35.29999923706055,33.70000076293945,33.95000076293945,31.11549949645996,24187588,0.0,0,53.28391878114558
2020-12-10,34.0,34.0,32.20000076293945,32.70000076293945,29.96986198425293,10845010,0.0,0,53.83627978723745
2020-12-11,32.70000076293945,33.849998474121094,32.70000076293945,33.150001525878906,30.382293701171875,10405596,0.0,0,54.34918643575133
2020-12-14,34.20000076293945,34.5,33.599998474121094,33.849998474121094,31.02384757995605,10476417,0.0,0,55.02296315904467
2020-12-15,33.849998474121094,33.849998474121094,33.099998474121094,33.5,30.70306968688965,6300423,0.0,0,54.99935860311162
2020-12-16,33.599998474121094,33.849998474121094,32.5,32.79999923706055,30.061511993408203,7712498,0.0,0,54.23800301319859
2020-12-17,32.70000076293945,32.900001525878906,31.75,31.950000762939453,29.282480239868164,7053911,0.0,0,52.67899979540734
2020-12-18,31.799999237060547,31.850000381469727,30.799999237060547,31.100000381469727,28.503448486328125,6748710,0.0,0,50.27316401391695
2020-12-21,30.799999237060547,30.950000762939453,28.200000762939453,28.850000381469727,26.44129943847656,7917884,0.0,0,47.279706600965184
2020-12-22,28.5,29.399999618530277,27.200000762939453,29.049999237060547,26.624601364135746,11383381,0.0,0,45.06924558672839
2020-12-23,29.0,29.799999237060547,28.850000381469727,29.649999618530277,27.17450714111328,5772474,0.0,0,42.71664600019322
2020-12-24,30.0,30.350000381469727,29.799999237060547,29.899999618530277,27.40363502502441,5092535,0.0,0,40.12558975717652
2020-12-28,30.25,30.700000762939453,29.549999237060547,30.5,27.953540802001957,4892066,0.0,0,37.46405615458229
2020-12-29,30.700000762939453,32.900001525878906,30.700000762939453,31.899999618530277,29.236652374267575,21805127,0.0,0,35.94535467599375
2020-12-30,32.45000076293945,32.70000076293945,31.399999618530277,31.950000762939453,29.282480239868164,9694902,0.0,0,34.535131874447245
2020-12-31,32.150001525878906,32.25,31.399999618530277,31.549999237060547,28.91587448120117,5722932,0.0,0,33.225639273011204
2021-01-01,31.75,32.20000076293945,31.600000381469727,32.099998474121094,29.41995620727539,7888314,0.0,0,32.009681857392025
2021-01-04,32.599998474121094,32.70000076293945,32.150001525878906,32.400001525878906,29.69491004943848,8265267,0.0,0,31.20154384970278
2021-01-05,32.20000076293945,32.20000076293945,31.799999237060547,32.04999923706055,29.37413024902344,5789215,0.0,0,30.116170069850806
2021-01-06,32.349998474121094,32.54999923706055,31.75,31.850000381469727,29.190828323364254,6726368,0.0,0,29.349272333844603
2021-01-07,32.150001525878906,32.20000076293945,31.799999237060547,31.899999618530277,29.236652374267575,3617734,0.0,0,28.63715300755313
2021-01-08,32.150001525878906,32.29999923706055,31.549999237060547,31.799999237060547,29.145002365112305,5371701,0.0,0,27.701338438996746
2021-01-11,31.899999618530277,32.099998474121094,31.25,31.350000381469727,28.732574462890625,3954196,0.0,0,26.502693920266513
2021-01-12,31.200000762939453,33.5,30.799999237060547,33.0,30.244815826416016,18635584,0.0,0,26.453519830515287
2021-01-13,33.29999923706055,33.849998474121094,32.29999923706055,33.20000076293945,30.428117752075195,19044455,0.0,0,26.63611478420253
2021-01-14,33.0,33.75,32.95000076293945,33.20000076293945,30.428117752075195,10758845,0.0,0,26.805667241197828
2021-01-15,33.20000076293945,33.599998474121094,32.5,32.599998474121094,29.878210067749023,7652331,0.0,0,26.40694058622285
2021-01-18,32.79999923706055,32.849998474121094,31.649999618530277,31.850000381469727,29.190828323364254,7137456,0.0,0,25.089871401987512
2021-01-19,32.0,32.349998474121094,31.850000381469727,32.25,29.557432174682617,5091921,0.0,0,23.8668785880547
2021-01-20,32.29999923706055,32.75,31.899999618530277,32.400001525878906,29.69491004943848,6877754,0.0,0,23.10146126413158
2021-01-21,32.599998474121094,32.75,31.700000762939453,31.850000381469727,29.190828323364254,5127195,0.0,0,22.152838501541687
2021-01-22,31.649999618530277,31.799999237060547,31.049999237060547,31.100000381469727,28.503448486328125,3799473,0.0,0,20.601618009545927
2021-01-25,31.299999237060547,31.600000381469727,30.149999618530277,30.399999618530277,27.86189079284668,6960168,0.0,0,20.030518901790945
2021-01-27,30.399999618530277,30.5,29.799999237060547,30.049999237060547,27.541112899780277,5405010,0.0,0,19.80422049359791
2021-01-28,29.25,30.200000762939453,29.200000762939453,29.5,27.03703117370605,5402849,0.0,0,20.08395376446575
2021-01-29,29.899999618530277,31.549999237060547,29.75,31.049999237060547,28.45762062072754,10458436,0.0,0,18.871558887554585
2021-02-01,31.700000762939453,32.45000076293945,31.100000381469727,32.29999923706055,29.60325813293457,14589144,0.0,0,18.08817998631887
2021-02-02,32.849998474121094,34.099998474121094,32.599998474121094,33.04999923706055,30.290639877319336,21319402,0.0,0,18.50651837170893
2021-02-03,33.099998474121094,34.0,32.5,33.650001525878906,30.840547561645508,13633258,0.0,0,18.79546491915326
2021-02-04,33.599998474121094,34.900001525878906,33.20000076293945,34.54999923706055,31.665403366088867,29593973,0.0,0,19.60724392633222
2021-02-05,35.0,36.29999923706055,34.599998474121094,34.79999923706055,31.894533157348636,28208919,0.0,0,21.066005662823635
2021-02-08,35.099998474121094,35.400001525878906,33.900001525878906,34.0,31.16132354736328,10724204,0.0,0,21.713290628285193
2021-02-09,34.099998474121094,34.650001525878906,33.20000076293945,33.75,30.93219566345215,12277388,0.0,0,21.65660110365632
2021-02-10,33.599998474121094,34.099998474121094,33.400001525878906,33.650001525878906,30.840547561645508,7365678,0.0,0,21.60396083078665
2021-02-11,33.75,33.95000076293945,33.20000076293945,33.349998474121094,30.56559181213379,4448100,0.0,0,21.357193794113506
2021-02-12,33.599998474121094,33.650001525878906,33.099998474121094,33.20000076293945,30.428117752075195,5970660,0.0,0,21.025206676161027
2021-02-15,33.5,33.900001525878906,33.45000076293945,33.5,30.70306968688965,4427760,0.0,0,20.90592709904448
2021-02-16,33.900001525878906,35.79999923706055,33.849998474121094,34.599998474121094,31.711227416992188,25511054,0.0,0,21.983818587630424
2021-02-17,34.45000076293945,38.900001525878906,34.20000076293945,38.09999847412109,34.91901397705078,92510035,0.0,0,24.201227196371114
2021-02-18,39.0,45.25,38.95000076293945,42.04999923706055,38.53922653198242,131622894,0.0,0,27.501258022303517
2021-02-19,43.25,44.79999923706055,38.25,40.5,37.11863708496094,87411108,0.0,0,30.05359405606282
2021-02-22,41.20000076293945,41.29999923706055,38.59999847412109,39.34999847412109,36.06464767456055,34109719,0.0,0,32.42362037312503
2021-02-23,39.70000076293945,40.20000076293945,38.5,38.75,35.51474380493164,15295831,0.0,0,34.543665997631216
2021-02-24,39.25,41.95000076293945,39.0,40.900001525878906,37.4852409362793,16721715,0.0,0,36.82460086598335
2021-02-25,42.0,42.34999847412109,41.20000076293945,41.45000076293945,37.98931884765625,12861968,0.0,0,39.008741787295286
2021-02-26,40.5,41.0,39.5,40.59999847412109,37.21028518676758,15119160,0.0,0,39.69504420937495
2021-03-01,41.0,41.45000076293945,39.900001525878906,40.04999923706055,36.70620727539063,8184972,0.0,0,40.44609507450566
2021-03-02,40.70000076293945,40.95000076293945,38.45000076293945,38.79999923706055,35.560569763183594,11101042,0.0,0,40.10147870616154
2021-03-03,39.34999847412109,40.25,39.09999847412109,39.84999847412109,36.52290344238281,11721736,0.0,0,39.781477792699135
2021-03-04,39.5,40.5,39.150001525878906,39.34999847412109,36.06464767456055,11929161,0.0,0,39.571934738797594
2021-03-05,39.400001525878906,39.650001525878906,38.04999923706055,38.29999923706055,35.10231399536133,7786621,0.0,0,38.56805928214761
2021-03-08,39.0,40.25,37.900001525878906,38.150001525878906,34.964839935302734,13043072,0.0,0,37.882630508586104
2021-03-09,38.5,38.84999847412109,37.09999847412109,37.54999923706055,34.41493225097656,9191895,0.0,0,36.670971608132945
2021-03-10,37.84999847412109,38.20000076293945,37.34999847412109,37.84999847412109,34.689884185791016,6086552,0.0,0,35.54585977199787
2021-03-12,38.400001525878906,38.70000076293945,37.20000076293945,37.650001525878906,34.50658416748047,5457089,0.0,0,34.745686643143316
2021-03-15,38.0,38.0,36.5,36.95000076293945,33.865028381347656,5748714,0.0,0,33.45840192828424
2021-03-16,37.150001525878906,37.45000076293945,36.29999923706055,36.45000076293945,33.406776428222656,5224025,0.0,0,32.10877059944698
2021-03-17,36.5,36.79999923706055,35.0,35.150001525878906,32.21531295776367,6167404,0.0,0,29.91704290013425
2021-03-18,36.0,36.0,34.5,35.150001525878906,32.21531295776367,7160984,0.0,0,28.006893952136412
2021-03-19,35.0,35.45000076293945,33.349998474121094,35.25,32.30696105957031,9732622,0.0,0,26.93159586135142
2021-03-22,35.400001525878906,35.650001525878906,34.25,34.45000076293945,31.573755264282227,6092177,0.0,0,25.78334295454499
2021-03-23,34.54999923706055,36.34999847412109,34.5,36.0,32.99434280395508,13824873,0.0,0,24.199330349944557
2021-03-24,36.09999847412109,36.400001525878906,34.70000076293945,34.900001525878906,31.98618507385254,11543282,0.0,0,22.691420763420126
2021-03-25,35.099998474121094,36.150001525878906,33.400001525878906,34.650001525878906,31.757055282592773,12629346,0.0,0,22.14204238501454
2021-03-26,35.45000076293945,35.45000076293945,33.75,33.900001525878906,31.06967544555664,8127862,0.0,0,21.63190531935221
2021-03-30,34.04999923706055,34.5,33.599998474121094,34.099998474121094,31.252975463867188,6055616,0.0,0,21.25645368011226
2021-03-31,34.04999923706055,34.849998474121094,33.849998474121094,34.04999923706055,31.207151412963867,6672972,0.0,0,20.583025427850533
2021-04-01,34.45000076293945,35.150001525878906,34.20000076293945,34.900001525878906,31.98618507385254,6985406,0.0,0,19.679628449790552
2021-04-05,34.900001525878906,34.900001525878906,33.599998474121094,34.04999923706055,31.207151412963867,5372465,0.0,0,19.29943688933228
2021-04-06,34.099998474121094,35.75,33.599998474121094,35.20000076293945,32.26113510131836,7730457,0.0,0,18.160786316656647
2021-04-07,35.5,37.29999923706055,35.20000076293945,36.79999923706055,33.7275505065918,14379483,0.0,0,17.79659041229943
2021-04-08,37.0,37.25,36.400001525878906,36.59999847412109,33.544246673583984,7614938,0.0,0,17.458408501110586
2021-04-09,36.5,38.59999847412109,36.150001525878906,37.900001525878906,34.735713958740234,17969015,0.0,0,18.003107445396104
2021-04-12,36.79999923706055,36.84999847412109,33.599998474121094,34.400001525878906,31.527931213378903,12529240,0.0,0,16.886948317676175
2021-04-13,34.75,35.45000076293945,34.150001525878906,35.099998474121094,32.16948318481445,10176423,0.0,0,15.850514841936244
2021-04-15,34.400001525878906,35.29999923706055,33.900001525878906,34.400001525878906,31.527931213378903,7823976,0.0,0,15.057936900760565
2021-04-16,34.75,35.20000076293945,34.29999923706055,34.45000076293945,31.573755264282227,4778514,0.0,0,14.32197166966886
2021-04-19,33.099998474121094,33.599998474121094,32.29999923706055,32.70000076293945,29.96986198425293,6139194,0.0,0,14.892510414264137
2021-04-20,33.150001525878906,33.70000076293945,32.400001525878906,32.75,30.01568603515625,4953845,0.0,0,15.336441302580662
2021-04-22,32.599998474121094,32.79999923706055,32.099998474121094,32.45000076293945,29.74073600769043,5748968,0.0,0,15.92207019655313
2021-04-23,32.150001525878906,33.099998474121094,32.150001525878906,32.70000076293945,29.96986198425293,5194074,0.0,0,16.18283138174289
2021-04-26,33.0,33.400001525878906,32.849998474121094,33.04999923706055,30.290639877319336,3839845,0.0,0,16.139782293429935
2021-04-27,33.29999923706055,34.099998474121094,33.099998474121094,33.849998474121094,31.02384757995605,4821127,0.0,0,15.460747957408376
2021-04-28,33.900001525878906,34.599998474121094,33.650001525878906,34.400001525878906,31.527931213378903,6550334,0.0,0,14.402169989074233
2021-04-29,34.54999923706055,35.25,33.849998474121094,34.75,31.84870719909668,9986393,0.0,0,13.852016681565301
2021-04-30,34.5,35.79999923706055,33.599998474121094,34.20000076293945,31.344627380371094,9469425,0.0,0,13.756498341133439
2021-05-03,33.79999923706055,34.25,33.5,34.0,31.16132354736328,4779065,0.0,0,13.570912880512669
2021-05-04,34.45000076293945,36.59999847412109,34.099998474121094,35.599998474121094,32.62773895263672,21288497,0.0,0,14.882117888796037
2021-05-05,36.45000076293945,37.150001525878906,36.0,36.5,33.452598571777344,11966528,0.0,0,16.370228227057023
2021-05-06,36.59999847412109,37.0,35.20000076293945,36.0,32.99434280395508,6759713,0.0,0,16.974827699796144
2021-05-07,36.20000076293945,36.54999923706055,34.45000076293945,34.54999923706055,31.665403366088867,13763202,0.0,0,16.868513199149824
2021-05-10,34.75,35.45000076293945,34.349998474121094,34.5,31.619579315185547,11446516,0.0,0,16.68203513454056
2021-05-11,34.20000076293945,35.599998474121094,34.0,35.29999923706055,32.352787017822266,9016234,0.0,0,16.194242905906766
2021-05-12,35.400001525878906,38.400001525878906,35.349998474121094,37.25,34.13998031616211,33685337,0.0,0,17.346745848104945
2021-05-14,37.84999847412109,39.400001525878906,37.0,37.400001525878906,34.27745819091797,30858002,0.0,0,18.83989138397042
2021-05-17,37.400001525878906,38.400001525878906,37.400001525878906,37.95000076293945,34.78153610229492,12041494,0.0,0,20.226383667274074
2021-05-18,37.900001525878906,38.29999923706055,36.650001525878906,36.79999923706055,33.7275505065918,17880726,0.0,0,20.815378383590453
2021-05-19,36.95000076293945,37.29999923706055,36.54999923706055,36.650001525878906,33.5900764465332,9419693,0.0,0,21.27003858904332
2021-05-20,37.0,37.25,36.45000076293945,36.84999847412109,33.77337646484375,9001466,0.0,0,21.59491869657499
2021-05-21,37.400001525878906,37.70000076293945,37.04999923706055,37.400001525878906,34.27745819091797,12277264,0.0,0,22.158070478558688
2021-05-24,38.0,38.84999847412109,38.0,38.400001525878906,35.193965911865234,16912282,0.0,0,23.28330473922195
2021-05-25,37.0,37.09999847412109,34.79999923706055,35.0,32.07783126831055,98571030,0.0,0,21.729578516856694
2021-05-26,35.400001525878906,35.650001525878906,34.0,34.099998474121094,31.252975463867188,49082363,0.0,0,20.549007291835746
2021-05-27,34.099998474121094,34.79999923706055,33.849998474121094,33.95000076293945,31.11549949645996,44879762,0.0,0,19.542232790916096
2021-05-28,34.5,34.900001525878906,34.150001525878906,34.349998474121094,31.48209953308105,28013917,0.0,0,18.535914794711204
2021-05-31,34.79999923706055,35.0,34.349998474121094,34.70000076293945,31.802879333496094,21104866,0.0,0,17.52601380792756
2021-06-01,34.849998474121094,34.95000076293945,34.20000076293945,34.349998474121094,31.48209953308105,13024994,0.0,0,16.69700253329351
2021-06-02,34.349998474121094,35.45000076293945,34.20000076293945,35.25,32.30696105957031,26505584,0.0,0,15.518061443319596
2021-06-03,35.5,35.79999923706055,35.349998474121094,35.400001525878906,32.44444274902344,20258579,0.0,0,14.676249956802666
2021-06-04,35.400001525878906,35.650001525878906,35.099998474121094,35.45000076293945,32.490264892578125,19102745,0.0,0,13.677842940754774
2021-06-07,35.95000076293945,36.150001525878906,35.5,35.599998474121094,32.62773895263672,16940654,0.0,0,13.171119480622618
2021-06-08,36.5,36.900001525878906,35.349998474121094,35.650001525878906,32.67356491088867,39352897,0.0,0,13.283588675449435
2021-06-09,36.04999923706055,36.400001525878906,35.20000076293945,35.29999923706055,32.352787017822266,29475934,0.0,0,13.236636079207882
2021-06-10,35.5,36.20000076293945,35.25,35.900001525878906,32.90269470214844,24288684,0.0,0,13.193037239840729
2021-06-11,36.150001525878906,36.5,35.599998474121094,35.95000076293945,32.948516845703125,17306316,0.0,0,13.408955202657223
2021-06-14,36.04999923706055,37.54999923706055,35.20000076293945,37.400001525878906,34.27745819091797,55472261,0.0,0,14.411921704614967
2021-06-15,37.70000076293945,37.95000076293945,37.04999923706055,37.25,34.13998031616211,38521477,0.0,0,15.613458409745999
2021-06-16,37.25,37.75,36.84999847412109,37.45000076293945,34.32328414916992,26760857,0.0,0,16.473170143933622
2021-06-17,36.84999847412109,39.25,36.79999923706055,38.09999847412109,34.91901397705078,66721285,0.0,0,18.205408545568975
2021-06-18,38.70000076293945,38.70000076293945,36.09999847412109,37.79999923706055,34.64406204223633,48048890,0.0,0,18.97699939999194
2021-06-21,36.70000076293945,40.75,36.54999923706055,39.79999923706055,36.477081298828125,83537904,0.0,0,20.748108106606416
2021-06-22,40.20000076293945,41.5,39.84999847412109,40.150001525878906,36.7978630065918,58988780,0.0,0,22.696885794507228
2021-06-23,40.70000076293945,40.70000076293945,39.09999847412109,39.20000076293945,35.92717742919922,34844225,0.0,0,23.709089087395714
2021-06-24,39.5,40.0,38.09999847412109,38.34999847412109,35.14813995361328,27545319,0.0,0,23.69381450181935
2021-06-25,38.75,39.79999923706055,38.59999847412109,39.45000076293945,36.15629959106445,31987644,0.0,0,23.679630958069872
2021-06-28,39.79999923706055,40.25,38.84999847412109,39.34999847412109,36.06464767456055,28813654,0.0,0,23.93158823283151
2021-06-29,39.5,39.84999847412109,39.0,39.20000076293945,35.92717742919922,17872837,0.0,0,24.165548559395887
2021-06-30,39.29999923706055,39.650001525878906,38.34999847412109,38.54999923706055,35.331443786621094,18826197,0.0,0,23.699811872581147
2021-07-01,38.75,39.150001525878906,38.20000076293945,38.70000076293945,35.46891784667969,16848602,0.0,0,23.11324594416728
2021-07-02,39.0,39.45000076293945,38.54999923706055,39.04999923706055,35.789695739746094,16069840,0.0,0,22.797945827714283
2021-07-05,39.20000076293945,39.34999847412109,38.70000076293945,38.900001525878906,35.6522216796875,10931085,0.0,0,22.505167148150786
2021-07-06,38.79999923706055,39.0,37.5,37.70000076293945,34.55241012573242,16939835,0.0,0,20.962767864948148
2021-07-07,37.54999923706055,38.150001525878906,37.5,37.95000076293945,34.78153610229492,11628898,0.0,0,19.530539959117128
2021-07-08,38.20000076293945,38.20000076293945,36.79999923706055,37.04999923706055,33.9566764831543,11831969,0.0,0,18.73387040649914
2021-07-09,36.79999923706055,37.34999847412109,36.59999847412109,36.75,33.68172836303711,12503930,0.0,0,18.174357816590142
2021-07-12,37.0,37.25,36.59999847412109,36.900001525878906,33.8192024230957,7604893,0.0,0,17.654810411674642
2021-07-13,37.25,37.29999923706055,36.900001525878906,37.0,33.910850524902344,6438676,0.0,0,17.10961722500302
2021-07-14,37.0,37.09999847412109,36.75,36.84999847412109,33.77337646484375,6091675,0.0,0,16.76376469646785
2021-07-15,36.95000076293945,37.25,36.400001525878906,36.45000076293945,33.406776428222656,9266273,0.0,0,16.812412840574193
2021-07-16,36.59999847412109,36.70000076293945,36.400001525878906,36.59999847412109,33.544246673583984,5366187,0.0,0,16.857586117244374
2021-07-19,36.45000076293945,37.150001525878906,36.09999847412109,37.0,33.910850524902344,11785792,0.0,0,16.221066899845912
2021-07-20,37.150001525878906,37.150001525878906,35.650001525878906,35.900001525878906,32.90269470214844,12173404,0.0,0,16.156815962172466
2021-07-22,36.150001525878906,36.59999847412109,35.95000076293945,36.150001525878906,33.13182067871094,6998322,0.0,0,16.09715437718998
2021-07-23,36.25,36.59999847412109,35.75,36.54999923706055,33.4984245300293,8408854,0.0,0,16.28163550795621
2021-07-26,36.59999847412109,36.79999923706055,35.95000076293945,36.04999923706055,33.040164947509766,5432778,0.0,0,16.10570616749744
2021-07-27,36.20000076293945,36.75,35.650001525878906,35.95000076293945,32.948516845703125,10192529,0.0,0,16.324380086343115
2021-07-28,36.20000076293945,36.20000076293945,35.20000076293945,35.5,32.53609085083008,7086469,0.0,0,17.053530440176555
2021-07-29,35.75,38.79999923706055,35.650001525878906,37.84999847412109,34.689884185791016,34063723,0.0,0,17.21038648407432
2021-07-30,38.5,38.5,36.59999847412109,36.84999847412109,33.77337646484375,21152451,0.0,0,17.356038524836528
2021-08-02,37.29999923706055,37.45000076293945,36.70000076293945,36.79999923706055,33.7275505065918,9441552,0.0,0,17.491286848401437
2021-08-03,37.0,37.5,36.84999847412109,37.400001525878906,34.27745819091797,9091648,0.0,0,17.66656770123563
2021-08-04,37.650001525878906,37.75,36.29999923706055,36.70000076293945,33.63589859008789,11693137,0.0,0,17.035893038790622
2021-08-05,36.79999923706055,36.79999923706055,35.849998474121094,36.09999847412109,33.085994720458984,7791746,0.0,0,15.863757539759957
2021-08-06,36.150001525878906,36.400001525878906,35.70000076293945,35.95000076293945,32.948516845703125,6505941,0.0,0,14.875439618589033
2021-08-09,36.09999847412109,36.34999847412109,35.5,35.650001525878906,32.67356491088867,6093917,0.0,0,14.213012731811398
2021-08-10,35.650001525878906,35.849998474121094,34.20000076293945,34.54999923706055,31.665403366088867,9056555,0.0,0,14.9695138010181
2021-08-11,34.54999923706055,34.79999923706055,33.599998474121094,34.70000076293945,31.802879333496094,8409147,0.0,0,16.165181067203992
2021-08-12,34.70000076293945,35.400001525878906,34.599998474121094,35.04999923706055,32.123661041259766,5593592,0.0,0,16.42884691957405
2021-08-13,35.400001525878906,35.400001525878906,34.70000076293945,35.0,32.07783126831055,4206185,0.0,0,16.673679496774817
2021-08-16,34.900001525878906,35.25,34.79999923706055,35.0,32.07783126831055,5180231,0.0,0,16.901024032746957
2021-08-17,34.900001525878906,35.0,34.150001525878906,34.29999923706055,31.43627548217773,4788545,0.0,0,17.733489375737296
2021-08-18,34.400001525878906,34.900001525878906,34.25,34.70000076293945,31.802879333496094,5575982,0.0,0,18.50649290851404
2021-08-20,34.20000076293945,34.599998474121094,33.349998474121094,33.5,30.70306968688965,5963476,0.0,0,19.981749676432745
2021-08-23,33.900001525878906,33.95000076293945,32.70000076293945,33.0,30.244815826416016,6357034,0.0,0,21.80139952292805
2021-08-24,33.25,33.650001525878906,33.0,33.349998474121094,30.56559181213379,3603079,0.0,0,23.49107438038798
2021-08-25,33.54999923706055,33.75,33.400001525878906,33.5,30.70306968688965,3774634,0.0,0,24.87167637586351
2021-08-26,33.54999923706055,33.70000076293945,33.29999923706055,33.54999923706055,30.74889373779297,2850489,0.0,0,26.231890686502275
2021-08-27,33.400001525878906,34.599998474121094,33.25,34.150001525878906,31.298803329467773,5318070,0.0,0,25.885491781515515
2021-08-30,34.349998474121094,35.0,34.29999923706055,34.900001525878906,31.98618507385254,4696007,0.0,0,24.959399635267992
2021-08-31,34.79999923706055,36.34999847412109,34.599998474121094,35.400001525878906,32.44444274902344,8484467,0.0,0,23.884281174332983
2021-09-01,35.349998474121094,36.150001525878906,35.20000076293945,35.349998474121094,32.39860916137695,9097709,0.0,0,22.885956889179045
2021-09-02,35.599998474121094,35.70000076293945,35.04999923706055,35.20000076293945,32.26113510131836,4638792,0.0,0,21.759618151680392
2021-09-03,35.400001525878906,36.04999923706055,35.25,35.349998474121094,32.39860916137695,4592810,0.0,0,21.111620062266102
2021-09-06,35.54999923706055,35.599998474121094,35.04999923706055,35.150001525878906,32.21531295776367,3541313,0.0,0,20.223415654934257
2021-09-07,35.150001525878906,35.20000076293945,34.599998474121094,34.75,31.84870719909668,3416651,0.0,0,18.782327001043914
2021-09-08,34.79999923706055,35.29999923706055,34.70000076293945,34.849998474121094,31.940357208251957,5438691,0.0,0,17.577297111592504
2021-09-09,34.79999923706055,35.0,34.75,34.900001525878906,31.98618507385254,2431548,0.0,0,16.458340785673332
2021-09-13,34.79999923706055,34.900001525878906,34.5,34.650001525878906,31.757055282592773,3478826,0.0,0,15.519549823684033
2021-09-14,34.599998474121094,35.0,34.29999923706055,34.45000076293945,31.573755264282227,6650203,0.0,0,14.94007515190419
2021-09-15,34.599998474121094,35.25,34.45000076293945,34.849998474121094,31.940357208251957,11348361,0.0,0,13.988492490345367
2021-09-16,35.099998474121094,37.09999847412109,34.79999923706055,36.70000076293945,33.63589859008789,38219338,0.0,0,15.054657693699577
2021-09-17,37.20000076293945,37.45000076293945,35.349998474121094,35.900001525878906,32.90269470214844,20252495,0.0,0,16.337572671027
2021-09-20,35.54999923706055,35.79999923706055,34.5,34.599998474121094,31.711227416992188,7541849,0.0,0,16.283321136485615
2021-09-21,34.79999923706055,35.25,34.0,34.95000076293945,32.03200912475586,6614416,0.0,0,15.599925155678152
2021-09-22,35.0,35.25,34.79999923706055,35.04999923706055,32.123661041259766,3956706,0.0,0,14.965343173499793
2021-09-23,35.25,35.599998474121094,34.599998474121094,34.849998474121094,31.940357208251957,7300759,0.0,0,14.76655963960919
2021-09-24,35.0,35.20000076293945,34.5,34.599998474121094,31.711227416992188,4252615,0.0,0,14.440050785993586
2021-09-27,34.79999923706055,35.349998474121094,34.400001525878906,34.599998474121094,31.711227416992188,8089182,0.0,0,14.315288610308187
2021-09-28,35.45000076293945,35.5,34.650001525878906,35.0,32.07783126831055,8221900,0.0,0,14.380814386199294
2021-09-29,34.849998474121094,36.79999923706055,34.75,36.400001525878906,33.36094665527344,22449251,0.0,0,15.734349001284496
2021-09-30,36.45000076293945,37.29999923706055,36.04999923706055,36.25,33.223472595214844,25634746,0.0,0,17.378107867652087
2021-10-01,36.0,36.900001525878906,35.70000076293945,36.45000076293945,33.406776428222656,11428696,0.0,0,18.33249753527667
2021-10-04,36.900001525878906,37.70000076293945,36.84999847412109,37.59999847412109,34.46075820922852,21377239,0.0,0,19.834097843480777
2021-10-05,37.75,37.84999847412109,36.900001525878906,37.09999847412109,34.00250244140625,12602430,0.0,0,21.334576597499204
2021-10-06,37.20000076293945,37.900001525878906,36.04999923706055,36.45000076293945,33.406776428222656,13430757,0.0,0,21.41931222202501
2021-10-07,37.0,37.54999923706055,36.900001525878906,37.29999923706055,34.18580627441406,9369098,0.0,0,21.49799530194183
2021-10-08,37.54999923706055,37.75,36.54999923706055,37.54999923706055,34.41493225097656,11757679,0.0,0,21.059229298393518
2021-10-11,38.04999923706055,38.79999923706055,37.59999847412109,38.150001525878906,34.964839935302734,22109704,0.0,0,21.61265022487467
2021-10-12,37.95000076293945,40.59999847412109,37.79999923706055,39.650001525878906,36.339603424072266,51643504,0.0,0,23.28006888841467
2021-10-13,40.0,44.95000076293945,40.0,44.400001525878906,40.69302368164063,92882073,0.0,0,26.287879870837198
2021-10-14,44.54999923706055,46.79999923706055,44.400001525878906,44.79999923706055,41.05962753295898,47119361,0.0,0,29.440083099176263
2021-10-18,45.29999923706055,49.400001525878906,45.20000076293945,48.900001525878906,44.81731796264648,65067668,0.0,0,32.74805408507694
2021-10-19,49.0,49.70000076293945,44.54999923706055,45.400001525878906,41.60953521728516,36992666,0.0,0,35.23862435294623
2021-10-20,45.20000076293945,49.20000076293945,44.59999847412109,47.70000076293945,43.717506408691406,57112542,0.0,0,37.55129674453915
2021-10-21,48.5,51.70000076293945,48.150001525878906,50.650001525878906,46.42121124267578,63686404,0.0,0,40.09466178693942
2021-10-22,51.20000076293945,51.650001525878906,48.29999923706055,49.09999847412109,45.00061798095703,30022877,0.0,0,42.45635789773967
2021-10-25,49.59999847412109,50.900001525878906,46.650001525878906,48.29999923706055,44.26741027832031,32033988,0.0,0,43.21674365229544
2021-10-26,48.5,50.20000076293945,47.29999923706055,48.25,44.22158432006836,21329458,0.0,0,43.92281613866866
2021-10-27,48.70000076293945,51.25,47.95000076293945,50.54999923706055,46.32955551147461,33526546,0.0,0,44.842266850054735
2021-10-28,50.400001525878906,50.400001525878906,46.25,46.75,42.84682083129883,23090906,0.0,0,44.34385967161884
2021-10-29,46.5,48.150001525878906,44.400001525878906,46.150001525878906,42.29691696166992,25482509,0.0,0,42.66040949130924
2021-11-01,46.70000076293945,47.5,46.20000076293945,46.650001525878906,42.75517272949219,11053952,0.0,0,41.097205752450336
2021-11-02,47.0,49.900001525878906,46.650001525878906,49.29999923706055,45.18392181396485,30314966,0.0,0,40.535143045031546
2021-11-03,50.0,50.0,47.25,47.54999923706055,43.58002471923828,25419571,0.0,0,40.04663065506583
2021-11-04,48.20000076293945,49.75,47.95000076293945,49.150001525878906,45.04644393920898,8332745,0.0,0,39.59301200724053
2021-11-08,49.79999923706055,54.45000076293945,48.79999923706055,53.79999923706055,49.30821228027344,56624381,0.0,0,40.4802923939643
2021-11-09,54.0,54.79999923706055,52.59999847412109,54.04999923706055,49.5373420715332,37016833,0.0,0,41.37849313313483
2021-11-10,53.400001525878906,54.400001525878906,51.59999847412109,52.150001525878906,47.79597473144531,24242102,0.0,0,41.528950916528814
2021-11-11,51.79999923706055,52.45000076293945,49.04999923706055,49.59999847412109,45.45886993408203,25522522,0.0,0,40.166711113959316
2021-11-12,49.70000076293945,50.75,49.0,50.0,45.825477600097656,21666644,0.0,0,38.874790464285475
2021-11-15,50.400001525878906,50.400001525878906,48.400001525878906,48.75,44.67984008789063,13843491,0.0,0,37.340836985081935
2021-11-16,48.95000076293945,48.95000076293945,46.5,46.84999847412109,42.93846893310547,16231815,0.0,0,34.94683737381358
2021-11-17,46.95000076293945,48.34999847412109,46.75,47.34999847412109,43.39672470092773,14525214,0.0,0,32.72383773477868
2021-11-18,47.400001525878906,47.900001525878906,46.34999847412109,46.900001525878906,42.98429870605469,12876564,0.0,0,30.456003855586392
2021-11-22,47.34999847412109,47.34999847412109,43.59999847412109,43.84999847412109,40.188941955566406,17514056,0.0,0,29.42946775225378
2021-11-23,43.70000076293945,47.45000076293945,43.29999923706055,46.900001525878906,42.98429870605469,23677188,0.0,0,28.592905923961546
2021-11-24,47.650001525878906,48.04999923706055,45.95000076293945,46.29999923706055,42.43439102172852,11923225,0.0,0,27.477826033713875
2021-11-25,46.79999923706055,47.09999847412109,45.59999847412109,45.79999923706055,41.97613525390625,11303458,0.0,0,26.595609701601045
2021-11-26,45.45000076293945,45.70000076293945,43.5,43.70000076293945,40.05146789550781,14988757,0.0,0,26.60933673704664
2021-11-29,43.70000076293945,44.34999847412109,41.54999923706055,43.25,39.6390380859375,17759267,0.0,0,27.25378228473548
2021-11-30,42.70000076293945,44.70000076293945,42.70000076293945,43.0,39.409912109375,11559026,0.0,0,27.631149159006664
2021-12-01,43.79999923706055,45.75,42.900001525878906,45.45000076293945,41.65535736083984,19418453,0.0,0,27.3316197681344
2021-12-02,46.0,46.650001525878906,45.29999923706055,46.29999923706055,42.43439102172852,16996885,0.0,0,26.528026550980837
2021-12-03,46.20000076293945,47.400001525878906,45.70000076293945,45.95000076293945,42.113616943359375,18011549,0.0,0,25.360885381876617
2021-12-06,46.400001525878906,46.45000076293945,44.54999923706055,44.75,41.01380157470703,13312106,0.0,0,24.77331415816455
2021-12-07,45.0,47.0,45.0,46.54999923706055,42.663516998291016,14139291,0.0,0,23.907163767495387
2021-12-08,47.0,47.45000076293945,46.5,47.0,43.075950622558594,14296581,0.0,0,22.84012982110115
2021-12-09,47.04999923706055,47.25,46.25,47.09999847412109,43.167598724365234,11557797,0.0,0,21.97391423747203
2021-12-10,47.0,49.70000076293945,46.0,48.70000076293945,44.63401794433594,27993965,0.0,0,20.969430866096555
2021-12-13,49.400001525878906,49.400001525878906,47.5,47.70000076293945,43.717506408691406,11716916,0.0,0,20.03669630696218
2021-12-14,47.400001525878906,48.25,46.75,47.59999847412109,43.6258544921875,12875167,0.0,0,18.736185353734772
2021-12-15,47.34999847412109,47.75,46.650001525878906,46.79999923706055,42.89264678955078,7292034,0.0,0,17.470181315009707
2021-12-16,47.04999923706055,47.34999847412109,45.79999923706055,46.150001525878906,42.29691696166992,12278527,0.0,0,16.643906685248606
2021-12-17,46.45000076293945,46.45000076293945,43.79999923706055,44.09999847412109,40.418067932128906,13878295,0.0,0,16.870145297456354
2021-12-20,43.59999847412109,43.59999847412109,41.29999923706055,42.09999847412109,38.58504867553711,17020557,0.0,0,18.03079057684831
2021-12-21,42.400001525878906,43.5,42.09999847412109,42.400001525878906,38.86000442504883,12842329,0.0,0,19.108532621997988
2021-12-22,42.900001525878906,43.650001525878906,42.79999923706055,43.400001525878906,39.77651596069336,11271532,0.0,0,20.00073853227923
2021-12-23,43.95000076293945,45.09999847412109,43.20000076293945,44.5,40.78467178344727,14127180,0.0,0,19.83071919863357
2021-12-24,44.650001525878906,44.70000076293945,42.79999923706055,43.09999847412109,39.50156021118164,12289310,0.0,0,19.852854541020896
2021-12-27,43.0,43.70000076293945,42.20000076293945,42.95000076293945,39.36408615112305,10370624,0.0,0,20.14202317409423
2021-12-28,43.29999923706055,44.400001525878906,43.29999923706055,44.150001525878906,40.463897705078125,8569273,0.0,0,19.916171211188956
2021-12-29,44.0,44.650001525878906,43.25,43.54999923706055,39.91399002075195,9762897,0.0,0,19.530708103700135
2021-12-30,43.54999923706055,43.54999923706055,42.400001525878906,42.79999923706055,39.22660446166992,7913628,0.0,0,19.609369829838396
2021-12-31,42.79999923706055,43.650001525878906,42.75,43.400001525878906,39.77651596069336,5891714,0.0,0,19.60505018729741
2022-01-03,43.25,44.5,43.25,44.150001525878906,40.463897705078125,6779279,0.0,0,18.952544757043245
2022-01-04,44.400001525878906,44.900001525878906,43.84999847412109,44.34999847412109,40.64719772338867,7996686,0.0,0,18.054210146803644
2022-01-05,44.400001525878906,45.79999923706055,44.20000076293945,45.5,41.7011833190918,13514162,0.0,0,16.935311384627898
2022-01-06,45.0,46.900001525878906,44.650001525878906,46.20000076293945,42.34273910522461,12610965,0.0,0,16.578543441068593
2022-01-07,46.70000076293945,47.09999847412109,44.900001525878906,45.20000076293945,41.426231384277344,13642036,0.0,0,16.365500543771226
2022-01-10,45.20000076293945,46.400001525878906,45.20000076293945,46.0,42.15943908691406,8886265,0.0,0,16.167674996280816
2022-01-11,46.0,46.400001525878906,45.04999923706055,45.20000076293945,41.426231384277344,7096946,0.0,0,15.853436446012692
2022-01-12,45.5,46.29999923706055,45.25,45.45000076293945,41.65535736083984,5948174,0.0,0,15.561643506478005
2022-01-13,45.59999847412109,46.5,45.20000076293945,46.20000076293945,42.34273910522461,8807907,0.0,0,15.44367814761851
2022-01-14,45.95000076293945,46.29999923706055,44.29999923706055,45.59999847412109,41.7928352355957,6318622,0.0,0,14.477727753621057
2022-01-17,45.34999847412109,46.09999847412109,45.29999923706055,45.650001525878906,41.838661193847656,5209567,0.0,0,13.58077381633771
2022-01-18,45.70000076293945,45.900001525878906,44.400001525878906,44.59999847412109,40.87632369995117,7444273,0.0,0,13.265553889107021
2022-01-19,44.54999923706055,45.29999923706055,43.75,45.0,41.2429313659668,7964409,0.0,0,13.479010815496881
2022-01-20,44.900001525878906,45.5,44.59999847412109,44.95000076293945,41.19710540771485,6243982,0.0,0,13.4679667869936
2022-01-21,44.5,44.75,43.09999847412109,43.59999847412109,39.95981597900391,5563014,0.0,0,14.504716423631908
2022-01-24,43.59999847412109,43.75,41.34999847412109,42.150001525878906,38.63087844848633,10939047,0.0,0,16.36887599322701
2022-01-25,42.0,43.0,41.09999847412109,42.650001525878906,39.089134216308594,13703662,0.0,0,18.21126144037429
2022-01-27,42.25,47.09999847412109,42.09999847412109,46.45000076293945,42.571868896484375,28253174,0.0,0,17.115602741851035
2022-01-28,47.0,48.84999847412109,46.5,47.04999923706055,43.12177276611328,24510425,0.0,0,16.980018909140366
2022-01-31,47.95000076293945,48.20000076293945,46.79999923706055,47.400001525878906,43.44255447387695,13478101,0.0,0,16.854119635909033
2022-02-01,48.20000076293945,48.34999847412109,45.09999847412109,46.54999923706055,42.663516998291016,23883572,0.0,0,15.706330717883896
2022-02-02,46.900001525878906,50.150001525878906,46.84999847412109,49.79999923706055,45.64217376708984,33140602,0.0,0,15.52624193683933
2022-02-03,50.25,50.79999923706055,47.650001525878906,47.95000076293945,43.94663619995117,37000818,0.0,0,15.646440854263576
2022-02-04,48.20000076293945,48.95000076293945,47.34999847412109,48.0,43.99245834350586,20089680,0.0,0,15.56951713072998
2022-02-07,48.5,51.70000076293945,47.25,47.59999847412109,43.6258544921875,55308930,0.0,0,16.607925628152913
2022-02-08,48.25,48.5,46.09999847412109,47.70000076293945,43.717506408691406,26137028,0.0,0,16.868590681178212
2022-02-09,48.0,48.25,46.900001525878906,47.20000076293945,43.25925064086914,8614489,0.0,0,17.110636801844564
2022-02-10,47.5,47.84999847412109,46.150001525878906,47.150001525878906,43.21342468261719,13125342,0.0,0,16.87016412428244
2022-02-11,46.650001525878906,47.20000076293945,46.09999847412109,46.29999923706055,42.43439102172852,7388833,0.0,0,16.615396436825627
2022-02-14,44.79999923706055,44.79999923706055,42.34999847412109,42.84999847412109,39.27243423461914,17917107,0.0,0,16.40691779010964
2022-02-15,43.150001525878906,44.150001525878906,41.79999923706055,43.70000076293945,40.05146789550781,15325661,0.0,0,16.436940446051967
2022-02-16,44.25,45.34999847412109,43.70000076293945,44.29999923706055,40.60137176513672,11622107,0.0,0,15.80944550576488
2022-02-17,44.54999923706055,44.79999923706055,43.34999847412109,43.75,40.0972900390625,7029101,0.0,0,15.385576526904435
2022-02-18,43.5,44.29999923706055,43.150001525878906,43.34999847412109,39.73068618774414,8126653,0.0,0,15.08596286941408
2022-02-21,43.150001525878906,43.29999923706055,42.400001525878906,42.75,39.180782318115234,8091615,0.0,0,15.160923538613387
2022-02-22,41.79999923706055,42.0,39.29999923706055,40.900001525878906,37.4852409362793,19594131,0.0,0,16.420240652619945
2022-02-23,41.04999923706055,42.75,41.04999923706055,42.54999923706055,38.99748229980469,8400534,0.0,0,17.12294096151887
2022-02-24,40.0,40.79999923706055,37.84999847412109,38.5,35.28561782836914,22843381,0.0,0,18.746650980882787
2022-02-25,40.25,41.5,39.59999847412109,40.09999847412109,36.75202941894531,15186552,0.0,0,19.838528711426704
2022-02-28,39.900001525878906,40.400001525878906,39.400001525878906,40.150001525878906,36.7978630065918,8661724,0.0,0,20.91200492068314
2022-03-02,39.79999923706055,41.75,39.75,41.150001525878906,37.71437072753906,10443455,0.0,0,21.097750401848163
2022-03-03,41.900001525878906,42.0,41.0,41.20000076293945,37.760196685791016,8331095,0.0,0,21.124543622672494
2022-03-04,40.650001525878906,41.20000076293945,40.0,40.09999847412109,36.75202941894531,11858160,0.0,0,21.521921148570744
2022-03-07,39.04999923706055,39.45000076293945,37.900001525878906,38.0,34.827362060546875,11843665,0.0,0,22.574692496607096
2022-03-08,38.150001525878906,39.09999847412109,37.900001525878906,38.45000076293945,35.23979568481445,14231334,0.0,0,23.552265891212276
2022-03-09,39.04999923706055,39.84999847412109,38.75,39.59999847412109,36.29377746582031,11067837,0.0,0,23.96061599149399
2022-03-10,40.70000076293945,41.25,39.79999923706055,40.04999923706055,36.70620727539063,15279865,0.0,0,23.476444885809645
2022-03-11,39.84999847412109,40.400001525878906,39.54999923706055,39.900001525878906,36.56873321533203,11543413,0.0,0,23.131347169727945
2022-03-14,40.09999847412109,40.45000076293945,39.34999847412109,40.0,36.66038131713867,11338807,0.0,0,22.898005871443694
2022-03-15,40.20000076293945,40.54999923706055,39.45000076293945,39.54999923706055,36.24795150756836,9416196,0.0,0,22.612780914365477
2022-03-16,40.150001525878906,40.34999847412109,39.900001525878906,40.0,36.66038131713867,5394494,0.0,0,22.347929168507132
2022-03-17,40.59999847412109,40.84999847412109,39.79999923706055,39.95000076293945,36.61455535888672,12636897,0.0,0,21.72515469675997
2022-03-21,40.29999923706055,40.34999847412109,39.59999847412109,39.70000076293945,36.38542938232422,7307988,0.0,0,21.262568456100446
2022-03-22,39.79999923706055,39.900001525878906,38.900001525878906,39.0,35.74386978149414,12718277,0.0,0,21.23270423972958
2022-03-23,39.34999847412109,39.900001525878906,38.79999923706055,38.900001525878906,35.6522216796875,12262712,0.0,0,21.261826792835922
2022-03-24,38.70000076293945,39.0,38.400001525878906,38.45000076293945,35.23979568481445,9344649,0.0,0,21.52124220379517
2022-03-25,38.650001525878906,38.900001525878906,38.20000076293945,38.400001525878906,35.193965911865234,6491435,0.0,0,21.879435857834434
2022-03-28,38.70000076293945,38.70000076293945,37.45000076293945,38.09999847412109,34.91901397705078,10136006,0.0,0,22.637827442531755
2022-03-29,38.34999847412109,38.650001525878906,37.20000076293945,37.45000076293945,34.32328414916992,10251972,0.0,0,23.47851639828863
2022-03-30,38.09999847412109,39.34999847412109,37.900001525878906,38.84999847412109,35.60639572143555,12465024,0.0,0,23.50423012805526
2022-03-31,39.150001525878906,39.45000076293945,38.5,38.70000076293945,35.46891784667969,5916933,0.0,0,23.42237364732147
2022-04-01,38.79999923706055,41.25,38.5,41.09999847412109,37.66854095458984,14545312,0.0,0,21.796440982613444
2022-04-04,41.34999847412109,42.45000076293945,41.0,41.75,38.2642707824707,14137132,0.0,0,21.13095450570456
2022-04-05,42.09999847412109,43.75,41.650001525878906,43.400001525878906,39.77651596069336,17591609,0.0,0,21.275037262701666
2022-04-06,43.0,44.54999923706055,42.59999847412109,43.650001525878906,40.00564193725586,19325602,0.0,0,21.81913860016405
2022-04-07,43.95000076293945,44.84999847412109,42.650001525878906,42.900001525878906,39.31826019287109,21704194,0.0,0,22.473199638309385
2022-04-08,43.70000076293945,44.650001525878906,43.400001525878906,44.04999923706055,40.37224578857422,17566963,0.0,0,23.080542030872913
2022-04-11,44.25,44.5,43.25,43.45000076293945,39.82233810424805,10125713,0.0,0,23.488196400863902
2022-04-12,43.59999847412109,43.59999847412109,41.70000076293945,42.25,38.72253036499024,11628508,0.0,0,22.42453941931773
2022-04-13,42.59999847412109,42.84999847412109,41.900001525878906,42.0,38.49340057373047,7544379,0.0,0,21.436857936453425
2022-04-18,41.400001525878906,41.54999923706055,40.75,41.25,37.8060188293457,6782289,0.0,0,20.213613196455444
2022-04-19,41.400001525878906,42.29999923706055,40.59999847412109,41.29999923706055,37.851844787597656,7300267,0.0,0,19.035920277013307
2022-04-20,41.5,41.79999923706055,40.79999923706055,40.95000076293945,37.53106689453125,4714215,0.0,0,17.94234828038847
2022-04-21,41.45000076293945,41.70000076293945,40.70000076293945,40.95000076293945,37.53106689453125,5606083,0.0,0,16.839652225222885
2022-04-22,40.79999923706055,41.150001525878906,40.45000076293945,40.54999923706055,37.16446304321289,4183677,0.0,0,15.682893054039473
2022-04-25,40.20000076293945,40.29999923706055,39.54999923706055,39.900001525878906,36.56873321533203,5986629,0.0,0,15.364176315075133
2022-04-26,40.54999923706055,40.70000076293945,40.09999847412109,40.25,36.88951110839844,3972385,0.0,0,14.683097091347816
2022-04-27,40.5,40.59999847412109,39.45000076293945,39.650001525878906,36.339603424072266,7208267,0.0,0,14.5766913281299
2022-04-28,39.900001525878906,39.900001525878906,39.5,39.59999847412109,36.29377746582031,3352955,0.0,0,14.477885976570407
2022-04-29,39.75,40.09999847412109,37.79999923706055,38.09999847412109,34.91901397705078,13706773,0.0,0,15.57493339456976
2022-05-02,38.0,38.75,37.84999847412109,38.59999847412109,35.37726593017578,6516824,0.0,0,16.593620282712017
2022-05-04,38.75,39.0,37.0,37.34999847412109,34.23162841796875,8219778,0.0,0,18.04098488605186
2022-05-05,37.75,37.900001525878906,36.650001525878906,36.79999923706055,33.7275505065918,6002078,0.0,0,19.576574994585975
2022-05-06,36.29999923706055,37.45000076293945,35.54999923706055,35.70000076293945,32.719390869140625,12422004,0.0,0,21.545389712482283
2022-05-09,35.70000076293945,36.150001525878906,35.349998474121094,35.70000076293945,32.719390869140625,6352848,0.0,0,23.464282310819375
2022-05-10,35.70000076293945,36.5,35.70000076293945,36.04999923706055,33.040164947509766,6375913,0.0,0,24.78694787527513
2022-05-11,36.150001525878906,36.5,34.29999923706055,34.95000076293945,32.03200912475586,9800136,0.0,0,26.666792474541175
2022-05-12,34.70000076293945,34.75,33.5,33.75,30.93219566345215,7742862,0.0,0,28.720503860991474
2022-05-13,34.5,37.70000076293945,33.849998474121094,36.150001525878906,33.13182067871094,24779087,0.0,0,27.74713385397903
2022-05-16,36.5,37.25,36.29999923706055,36.95000076293945,33.865028381347656,8074357,0.0,0,26.843290276038903
2022-05-17,37.29999923706055,37.29999923706055,36.5,36.900001525878906,33.8192024230957,7333486,0.0,0,25.962291312016685
2022-05-18,37.150001525878906,37.650001525878906,36.5,36.70000076293945,33.63589859008789,8341984,0.0,0,24.842865818933166
2022-05-19,35.79999923706055,35.95000076293945,35.20000076293945,35.5,32.53609085083008,6567625,0.0,0,24.62645374530394
2022-05-20,36.04999923706055,36.29999923706055,35.79999923706055,36.04999923706055,33.040164947509766,5521850,0.0,0,24.11309952022562
2022-05-23,36.34999847412109,36.900001525878906,35.900001525878906,36.5,33.452598571777344,7135754,0.0,0,23.114943271701726
2022-05-24,36.59999847412109,36.900001525878906,36.20000076293945,36.400001525878906,33.36094665527344,5382065,0.0,0,22.188083898072396
2022-05-25,36.45000076293945,36.70000076293945,34.599998474121094,34.900001525878906,31.98618507385254,7306698,0.0,0,22.36246235721091
2022-05-26,35.150001525878906,35.75,34.5,35.599998474121094,32.62773895263672,6672032,0.0,0,22.582188706983562
2022-05-27,35.79999923706055,36.400001525878906,35.400001525878906,35.849998474121094,32.85686492919922,8000926,0.0,0,22.159871893893857
2022-05-30,36.400001525878906,38.150001525878906,36.150001525878906,37.900001525878906,34.735713958740234,13224020,0.0,0,20.790755346055096
2022-05-31,37.95000076293945,38.25,37.59999847412109,37.84999847412109,34.689884185791016,5852130,0.0,0,19.590555328726108
2022-06-01,37.79999923706055,39.0,37.75,38.75,35.51474380493164,9176682,0.0,0,19.001119048765304
2022-06-02,38.650001525878906,39.59999847412109,38.59999847412109,39.400001525878906,36.110477447509766,11025801,0.0,0,18.845646028812173
2022-06-03,39.79999923706055,40.0,37.84999847412109,38.54999923706055,35.331443786621094,11182231,0.0,0,18.05965625178201
2022-06-06,38.45000076293945,38.59999847412109,37.84999847412109,38.45000076293945,35.23979568481445,4908564,0.0,0,17.32980860168257
2022-06-07,38.25,38.95000076293945,38.09999847412109,38.650001525878906,35.423095703125,5303384,0.0,0,16.915090056594
2022-06-08,38.70000076293945,38.900001525878906,37.75,37.900001525878906,34.735713958740234,8997164,0.0,0,16.2013928732429
2022-06-09,37.79999923706055,38.09999847412109,37.5,37.95000076293945,34.78153610229492,4825726,0.0,0,15.303783034783347
2022-06-10,37.54999923706055,37.650001525878906,37.0,37.20000076293945,34.09415435791016,5720621,0.0,0,14.410917953111303
2022-06-13,36.5,36.59999847412109,36.150001525878906,36.400001525878906,33.36094665527344,4939037,0.0,0,14.290837511140571
2022-06-14,36.04999923706055,36.650001525878906,35.650001525878906,35.849998474121094,32.85686492919922,7379904,0.0,0,14.558107437001507
2022-06-15,35.900001525878906,36.25,35.849998474121094,36.0,32.99434280395508,3326496,0.0,0,14.806286653872375
2022-06-16,36.400001525878906,36.45000076293945,35.04999923706055,35.20000076293945,32.26113510131836,5446820,0.0,0,15.629997660733578
2022-06-17,35.20000076293945,37.25,34.599998474121094,35.70000076293945,32.719390869140625,21237573,0.0,0,15.507015193980566
2022-06-20,36.400001525878906,36.400001525878906,34.599998474121094,35.04999923706055,32.123661041259766,7044025,0.0,0,15.392817189138484
2022-06-21,35.29999923706055,36.400001525878906,35.20000076293945,36.09999847412109,33.085994720458984,5726066,0.0,0,15.286776184642266
2022-06-22,34.95000076293945,35.20000076293945,34.54999923706055,34.79999923706055,33.66645050048828,8006080,1.9,0,15.746545929489383
2022-06-23,34.650001525878906,35.099998474121094,34.29999923706055,34.849998474121094,33.714820861816406,5121326,0.0,0,16.37608819778824
2022-06-24,35.29999923706055,35.45000076293945,34.900001525878906,35.349998474121094,34.19853210449219,4004845,0.0,0,16.4997398781203
2022-06-27,35.900001525878906,36.0,34.650001525878906,34.900001525878906,33.7631950378418,4185152,0.0,0,15.934566173858956
2022-06-28,34.900001525878906,35.20000076293945,34.70000076293945,35.0,33.85993576049805,3681275,0.0,0,15.409762019901992
2022-06-29,34.75,34.75,34.20000076293945,34.400001525878906,33.27947998046875,4373239,0.0,0,15.433876992145533
2022-06-30,34.45000076293945,34.650001525878906,34.099998474121094,34.25,33.13436508178711,2829914,0.0,0,15.556114084094663
2022-07-01,34.400001525878906,34.650001525878906,34.0,34.5,33.376220703125,2376699,0.0,0,15.773500980131542
2022-07-04,34.599998474121094,34.79999923706055,34.400001525878906,34.70000076293945,33.569705963134766,2467500,0.0,0,15.741780819138556
2022-07-05,35.0,35.20000076293945,34.5,34.599998474121094,33.47296142578125,3480020,0.0,0,15.107880219258263
2022-07-06,34.650001525878906,35.0,34.54999923706055,34.900001525878906,33.7631950378418,2204792,0.0,0,14.519258233655135
2022-07-07,35.0,36.20000076293945,35.0,35.900001525878906,34.730621337890625,10127478,0.0,0,14.544067399635749
2022-07-08,36.20000076293945,36.25,35.70000076293945,36.0,34.827362060546875,3827748,0.0,0,14.622094504344021
2022-07-11,35.900001525878906,36.79999923706055,35.75,36.54999923706055,35.35944747924805,5497565,0.0,0,15.277624041818658
2022-07-12,36.5,36.95000076293945,36.09999847412109,36.59999847412109,35.40781784057617,4233227,0.0,0,16.03673975897296
2022-07-13,36.79999923706055,37.70000076293945,36.70000076293945,37.25,36.0366439819336,6229552,0.0,0,17.42714053278291
2022-07-14,37.25,37.400001525878906,36.25,36.54999923706055,35.35944747924805,3889151,0.0,0,17.970742779303777
2022-07-15,36.59999847412109,36.75,36.0,36.5,35.311073303222656,3282166,0.0,0,18.081067973061312
2022-07-18,36.79999923706055,37.400001525878906,36.59999847412109,37.150001525878906,35.939903259277344,4455564,0.0,0,18.816195914041774
2022-07-19,37.0,38.0,36.900001525878906,37.900001525878906,36.66547393798828,6511715,0.0,0,20.00333937766007
2022-07-20,38.20000076293945,38.34999847412109,37.20000076293945,37.400001525878906,36.181758880615234,6067708,0.0,0,21.37471080915134
2022-07-21,37.5,38.54999923706055,37.400001525878906,38.150001525878906,36.90732955932617,10004534,0.0,0,22.798621471793293
2022-07-22,38.34999847412109,38.650001525878906,37.900001525878906,38.20000076293945,36.9556999206543,5372104,0.0,0,24.19761981847451
2022-07-25,38.25,38.45000076293945,37.5,37.95000076293945,36.713844299316406,3908147,0.0,0,24.75284493964196
2022-07-26,38.09999847412109,38.29999923706055,36.79999923706055,37.150001525878906,35.939903259277344,9554176,0.0,0,24.12648454652902
2022-07-27,37.34999847412109,37.84999847412109,37.0,37.650001525878906,36.42361831665039,5305168,0.0,0,23.54486418149558
2022-07-28,37.900001525878906,38.59999847412109,37.5,38.150001525878906,36.90732955932617,7383109,0.0,0,23.78994775025758
2022-07-29,38.34999847412109,38.79999923706055,37.95000076293945,38.20000076293945,36.9556999206543,5433102,0.0,0,24.206410000502537
2022-08-01,38.45000076293945,39.0,38.0,38.70000076293945,37.439414978027344,6828607,0.0,0,24.78181449238945
2022-08-02,38.70000076293945,40.400001525878906,38.54999923706055,39.650001525878906,38.35847091674805,16386463,0.0,0,26.38321749508703
2022-08-03,39.59999847412109,39.900001525878906,38.34999847412109,39.04999923706055,37.77801132202149,6896291,0.0,0,27.5251850840564
2022-08-04,39.25,39.59999847412109,38.400001525878906,38.75,37.48778533935547,6043811,0.0,0,28.585583559527954
2022-08-05,38.75,39.54999923706055,38.75,38.900001525878906,37.63290023803711,5705713,0.0,0,29.57023928675154
2022-08-08,38.900001525878906,39.34999847412109,38.650001525878906,38.79999923706055,37.5361557006836,3901650,0.0,0,30.280343680627205
2022-08-10,38.900001525878906,39.0,38.29999923706055,38.75,37.48778533935547,4590748,0.0,0,30.238499233055798
2022-08-11,39.09999847412109,40.29999923706055,39.0,40.0,38.69706726074219,12102681,0.0,0,31.302669007911476
2022-08-12,39.75,40.29999923706055,39.75,39.95000076293945,38.64869689941406,4702095,0.0,0,32.29082665599175
2022-08-16,40.20000076293945,40.45000076293945,40.0,40.20000076293945,38.89055633544922,4230367,0.0,0,33.320298376665434
2022-08-17,40.29999923706055,41.150001525878906,40.09999847412109,40.95000076293945,39.61612319946289,10153337,0.0,0,34.75397189829799
2022-08-18,40.95000076293945,41.650001525878906,40.75,41.29999923706055,39.9547233581543,8338863,0.0,0,36.37832006034877
2022-08-19,41.29999923706055,41.400001525878906,40.09999847412109,40.20000076293945,38.89055633544922,6328330,0.0,0,36.65228079292776
2022-08-22,40.0,40.20000076293945,39.25,39.45000076293945,38.16498565673828,3637981,0.0,0,35.56621567941922
2022-08-23,38.900001525878906,40.09999847412109,38.900001525878906,39.59999847412109,38.310096740722656,5249310,0.0,0,34.071718562813096
2022-08-24,39.54999923706055,40.70000076293945,39.5,40.45000076293945,39.13241195678711,5747431,0.0,0,33.255474999685624
2022-08-25,40.650001525878906,43.59999847412109,40.650001525878906,42.29999923706055,40.922149658203125,26491653,0.0,0,34.30940282118051
2022-08-26,42.70000076293945,43.70000076293945,42.400001525878906,42.54999923706055,41.164005279541016,16825391,0.0,0,35.33272775857494
2022-08-29,41.04999923706055,41.79999923706055,40.59999847412109,41.5,40.14820861816406,6264782,0.0,0,34.27521199881868
2022-08-30,41.79999923706055,42.5,41.75,42.34999847412109,40.97052001953125,6838028,0.0,0,33.70982412869403
2022-09-01,41.79999923706055,43.04999923706055,41.79999923706055,42.59999847412109,41.21237564086914,7065500,0.0,0,33.49235452236461
2022-09-02,42.79999923706055,42.95000076293945,42.09999847412109,42.5,41.11563491821289,5902975,0.0,0,33.29041845934443
2022-09-05,42.54999923706055,43.45000076293945,42.34999847412109,42.900001525878906,41.50260925292969,6105332,0.0,0,33.39046546067243
2022-09-06,43.150001525878906,43.400001525878906,42.150001525878906,42.45000076293945,41.067264556884766,11518479,0.0,0,33.248606208615506
2022-09-07,42.34999847412109,43.04999923706055,42.29999923706055,42.75,41.35749053955078,5202475,0.0,0,33.11687976027693
2022-09-08,43.0,43.75,42.95000076293945,43.45000076293945,42.0346908569336,9694190,0.0,0,33.4361410612769
2022-09-09,43.75,44.25,43.34999847412109,43.59999847412109,42.17980194091797,10182165,0.0,0,34.02162365054718
2022-09-12,43.84999847412109,45.400001525878906,43.650001525878906,45.150001525878906,43.679317474365234,20969073,0.0,0,35.142136465844494
2022-09-13,45.59999847412109,47.20000076293945,45.400001525878906,46.150001525878906,44.64674377441406,23092959,0.0,0,36.8619759224783
2022-09-14,45.25,46.45000076293945,45.0,46.0,44.50162887573242,15690298,0.0,0,37.96652531660795
2022-09-15,46.34999847412109,47.20000076293945,46.04999923706055,46.45000076293945,44.936973571777344,10413578,0.0,0,39.265973974407835
2022-09-16,46.54999923706055,46.79999923706055,44.54999923706055,46.25,44.74348449707031,18271524,0.0,0,38.826110069316655
2022-09-19,46.84999847412109,48.45000076293945,46.54999923706055,47.0,45.46905517578125,22344736,0.0,0,39.128811598749834
2022-09-20,47.45000076293945,48.400001525878906,47.09999847412109,47.34999847412109,45.807655334472656,9494154,0.0,0,39.409891590366364
2022-09-21,47.400001525878906,47.75,46.04999923706055,46.45000076293945,44.936973571777344,6718724,0.0,0,38.659488712011274
2022-09-22,46.29999923706055,47.0,45.20000076293945,45.70000076293945,44.211402893066406,10003804,0.0,0,37.23132400516194
2022-09-23,45.5,45.900001525878906,43.79999923706055,44.150001525878906,42.711891174316406,7492586,0.0,0,34.858431213347394
2022-09-26,43.5,43.54999923706055,42.09999847412109,42.34999847412109,40.97052001953125,9084401,0.0,0,33.11501544564376
2022-09-27,43.0,43.45000076293945,42.400001525878906,43.04999923706055,41.64772033691406,6320215,0.0,0,31.496129375633245
2022-09-28,42.5,42.900001525878906,41.900001525878906,42.150001525878906,40.77703857421875,4571399,0.0,0,30.282501699656628
2022-09-29,42.79999923706055,44.45000076293945,42.0,43.650001525878906,42.22817611694336,7324329,0.0,0,28.157375505608535
2022-09-30,43.70000076293945,44.84999847412109,43.0,44.650001525878906,43.19560623168945,8639047,0.0,0,26.434201607460036
2022-10-03,44.54999923706055,44.79999923706055,42.84999847412109,43.150001525878906,41.74446487426758,6607542,0.0,0,24.729931012448766
2022-10-04,44.09999847412109,44.650001525878906,43.95000076293945,44.54999923706055,43.09885787963867,4522225,0.0,0,23.147394031366872
2022-10-06,44.79999923706055,45.25,44.59999847412109,44.75,43.2923469543457,4376939,0.0,0,22.10285485593854
2022-10-07,44.79999923706055,44.79999923706055,44.0,44.59999847412109,43.1472282409668,3506067,0.0,0,20.654600338521934
2022-10-10,44.0,44.34999847412109,43.75,43.900001525878906,42.47003555297852,4315074,0.0,0,19.244714495378826
2022-10-11,44.04999923706055,44.150001525878906,42.75,43.0,41.59934997558594,4022583,0.0,0,18.671522949517065
2022-10-12,43.0,44.0,42.79999923706055,43.79999923706055,42.373291015625,4179792,0.0,0,18.139273656931145
2022-10-13,43.59999847412109,43.84999847412109,42.79999923706055,43.04999923706055,41.64772033691406,2761557,0.0,0,17.645042170958508
2022-10-14,43.84999847412109,44.09999847412109,42.900001525878906,43.09999847412109,41.69609069824219,2638619,0.0,0,16.936269721038524
2022-10-17,43.09999847412109,44.20000076293945,42.59999847412109,43.95000076293945,42.51840591430664,5389780,0.0,0,16.535548641953092
2022-10-18,44.25,46.20000076293945,44.150001525878906,45.95000076293945,44.4532585144043,16359649,0.0,0,16.286813562491812
2022-10-19,46.20000076293945,46.79999923706055,45.79999923706055,46.20000076293945,44.69511413574219,9284004,0.0,0,16.466208108024485
2022-10-20,46.20000076293945,47.75,45.75,47.25,45.71091079711914,19902538,0.0,0,17.22010559970286
2022-10-21,47.54999923706055,49.54999923706055,47.5,49.150001525878906,47.54902648925781,35137683,0.0,0,18.812780154194023
2022-10-24,49.900001525878906,50.0,48.70000076293945,48.84999847412109,47.25879287719727,5041248,0.0,0,20.48208545272642
2022-10-25,48.900001525878906,52.5,48.5,51.650001525878906,49.96759033203125,33741205,0.0,0,22.893852128950503
2022-10-27,51.650001525878906,53.34999847412109,51.5,52.900001525878906,51.176876068115234,23468602,0.0,0,25.365308261342502
2022-10-28,53.45000076293945,54.09999847412109,52.84999847412109,53.650001525878906,51.90244674682617,22917657,0.0,0,27.852063088942515
2022-10-31,53.79999923706055,54.70000076293945,52.95000076293945,53.900001525878906,52.14430236816406,20844507,0.0,0,30.308027998407855
2022-11-01,54.20000076293945,55.20000076293945,52.20000076293945,52.59999847412109,50.88664245605469,17543556,0.0,0,31.835577411640113
2022-11-02,53.0,53.20000076293945,51.25,51.900001525878906,50.209449768066406,10868384,0.0,0,32.37180118029204
2022-11-03,51.400001525878906,54.09999847412109,51.20000076293945,53.900001525878906,52.14430236816406,15499173,0.0,0,33.202027570552715
2022-11-04,54.20000076293945,55.400001525878906,54.04999923706055,55.25,53.45032501220703,23762838,0.0,0,34.399353013766635
2022-11-07,56.0,59.150001525878906,56.0,58.54999923706055,56.6428337097168,36296784,0.0,0,36.40019599694586
2022-11-09,59.25,64.5,59.09999847412109,64.05000305175781,61.96368408203125,83690888,0.0,0,39.000529364169324
2022-11-10,65.0,67.5,64.05000305175781,66.8499984741211,64.67247772216797,79270287,0.0,0,41.693072736223485
2022-11-11,67.5,69.3499984741211,65.80000305175781,66.8499984741211,64.67247772216797,42272447,0.0,0,44.33773953058081
2022-11-14,66.75,66.75,64.30000305175781,64.75,62.6408805847168,19997049,0.0,0,45.89434241920987
2022-11-15,64.75,65.25,62.0,63.09999847412109,61.04462432861328,15990986,0.0,0,46.10337696677822
2022-11-16,63.54999923706055,67.30000305175781,63.150001525878906,66.05000305175781,63.898536682128906,31193345,0.0,0,46.62984275759269
2022-11-17,67.0,70.9000015258789,66.44999694824219,70.25,67.96172332763672,45850103,0.0,0,47.60627942312636
2022-11-18,71.0,74.44999694824219,70.9000015258789,73.9000015258789,71.49283599853516,62076139,0.0,0,48.89523300249845
2022-11-21,73.8499984741211,76.6500015258789,71.25,76.1500015258789,73.66954803466797,45266968,0.0,0,50.294627403902496
2022-11-22,76.69999694824219,78.3499984741211,75.55000305175781,76.75,74.25,37354719,0.0,0,51.73873884817557
2022-11-23,76.44999694824219,77.19999694824219,74.5999984741211,75.80000305175781,73.33094787597656,19946011,0.0,0,52.62614172498701
2022-11-24,75.80000305175781,79.19999694824219,75.80000305175781,78.5999984741211,76.03974151611328,29385079,0.0,0,53.6494571669405
2022-11-25,79.25,80.6500015258789,76.19999694824219,76.5,74.00814056396484,31513910,0.0,0,54.73494762176182
2022-11-28,77.0,79.75,76.6500015258789,79.44999694824219,76.86205291748047,23363903,0.0,0,55.742903044095904
2022-11-29,79.30000305175781,82.69999694824219,77.9000015258789,82.19999694824219,79.52247619628906,37047392,0.0,0,56.94390375176382
2022-11-30,81.8499984741211,83.69999694824219,79.80000305175781,81.6500015258789,78.99039459228516,26927919,0.0,0,58.14079897345774
2022-12-01,82.0999984741211,82.55000305175781,79.5999984741211,81.5,78.84527587890625,22969666,0.0,0,59.141837191769525
2022-12-02,81.30000305175781,82.4000015258789,80.9000015258789,82.05000305175781,79.37736511230469,14965784,0.0,0,60.0713726802019
2022-12-05,82.30000305175781,83.6500015258789,81.80000305175781,82.9000015258789,80.19967651367188,14006192,0.0,0,61.054981457190635
2022-12-06,82.9000015258789,89.80000305175781,82.6500015258789,88.1500015258789,85.2786636352539,58814030,0.0,0,62.42228302909133
2022-12-07,88.55000305175781,89.44999694824219,86.0999984741211,86.75,83.92427062988281,27700707,0.0,0,63.691920202999135
2022-12-08,86.75,89.4000015258789,85.0999984741211,88.5,85.61726379394531,33516963,0.0,0,64.30698616587844
2022-12-09,89.0,91.25,81.0,83.69999694824219,80.9736099243164,44709555,0.0,0,62.883304277481045
2022-12-12,83.5999984741211,88.3499984741211,82.69999694824219,87.5999984741211,84.74658203125,27780706,0.0,0,61.56131395254061
2022-12-13,88.0999984741211,94.4000015258789,87.5,93.75,90.69625854492188,56779680,0.0,0,61.19652522928955
2022-12-14,94.4000015258789,96.4000015258789,90.8000030517578,94.3000030517578,91.22834014892578,59058653,0.0,0,61.08099355655347
2022-12-15,94.5,94.9499969482422,89.4000015258789,90.05000305175781,87.11677551269531,40573474,0.0,0,60.38875004558729
2022-12-16,90.0999984741211,90.0999984741211,84.0,84.69999694824219,81.9410400390625,36601861,0.0,0,57.84585135583324
2022-12-19,85.5,88.30000305175781,83.5,85.0999984741211,82.32801055908203,30515295,0.0,0,55.33110136609616
2022-12-20,85.0999984741211,85.8499984741211,82.5999984741211,83.8499984741211,81.11872863769531,20115261,0.0,0,52.713015911683506
2022-12-21,84.3499984741211,87.19999694824219,80.0999984741211,81.19999694824219,78.55504608154297,32448774,0.0,0,49.534993170657344
2022-12-22,81.5999984741211,83.0,75.19999694824219,76.1500015258789,73.66954803466797,39579007,0.0,0,46.62182626175913
2022-12-23,75.0,76.75,66.69999694824219,67.55000305175781,65.34967803955078,51880207,0.0,0,45.39356756765337
2022-12-26,68.5,81.05000305175781,68.05000305175781,80.25,77.63599395751953,75502824,0.0,0,43.23724808075059
2022-12-27,83.25,86.4000015258789,80.0999984741211,82.75,80.05455780029297,93290300,0.0,0,40.178922060579154
2022-12-28,82.75,83.44999694824219,77.94999694824219,79.4000015258789,76.81368255615234,60509346,0.0,0,37.71330387088246
2022-12-29,79.0,80.4000015258789,77.25,78.0,75.45928192138672,39390438,0.0,0,35.54586792931449
2022-12-30,80.19999694824219,81.5,79.5,80.4000015258789,77.78111267089844,35335762,0.0,0,33.30513629757908
2023-01-02,80.9000015258789,82.30000305175781,80.19999694824219,81.4000015258789,78.74853515625,25652957,0.0,0,31.05505493017662
2023-01-03,81.69999694824219,83.5999984741211,81.5999984741211,82.25,79.57084655761719,20994008,0.0,0,28.986582745787207
2023-01-04,82.5,83.0999984741211,79.5999984741211,80.55000305175781,77.92622375488281,24618028,0.0,0,27.2016537806743
2023-01-05,81.0,81.80000305175781,79.30000305175781,80.5999984741211,77.97459411621094,18355266,0.0,0,25.609705894525494
2023-01-06,81.0,81.4000015258789,79.6500015258789,80.80000305175781,78.16808319091797,19809952,0.0,0,24.13146857167303
2023-01-09,81.5,82.5999984741211,80.5999984741211,81.0,78.36156463623047,15145300,0.0,0,22.440904792436772
2023-01-10,81.4000015258789,81.4000015258789,78.30000305175781,79.0999984741211,76.52345275878906,12580481,0.0,0,21.443540490156007
2023-01-11,79.5,79.69999694824219,77.3499984741211,78.44999694824219,75.89462280273438,16186993,0.0,0,20.74345341367887
2023-01-12,78.8499984741211,79.0,77.5999984741211,78.05000305175781,75.50765991210938,9106012,0.0,0,20.093372556950104
2023-01-13,78.44999694824219,80.19999694824219,77.8499984741211,78.75,76.18485260009766,12099047,0.0,0,19.105270323781287
2023-01-16,79.0999984741211,83.4000015258789,79.05000305175781,82.94999694824219,80.248046875,34760901,0.0,0,18.216523876747914
2023-01-17,83.5,83.80000305175781,79.80000305175781,81.44999694824219,78.79690551757812,22262142,0.0,0,17.49864731974318
2023-01-18,81.5,82.25,80.6500015258789,81.25,78.60342407226562,8064214,0.0,0,16.832047659667356
2023-01-19,80.9000015258789,82.25,80.5,81.5999984741211,78.9420166015625,8762013,0.0,0,16.159313994277873
2023-01-20,81.94999694824219,83.5,80.6500015258789,81.25,78.60342407226562,25750876,0.0,0,15.923245774682757
2023-01-23,82.5999984741211,83.44999694824219,80.9000015258789,81.5,78.84527587890625,11880967,0.0,0,15.704039570773006
2023-01-24,81.80000305175781,82.3499984741211,80.25,80.6500015258789,78.02296447753906,9090900,0.0,0,15.224599118586871
2023-01-25,80.44999694824219,80.44999694824219,77.5,78.4000015258789,75.84625244140625,11152007,0.0,0,14.545078001732445
2023-01-27,78.44999694824219,78.80000305175781,72.3499984741211,74.9000015258789,72.46026611328125,23963704,0.0,0,15.354543159598224
2023-01-30,74.19999694824219,77.30000305175781,72.25,75.05000305175781,72.60537719726562,16941004,0.0,0,16.129762684352254
2023-01-31,75.5,79.30000305175781,75.0,78.5,75.94300079345703,13742963,0.0,0,16.06073696882699
2023-02-01,79.19999694824219,79.69999694824219,70.9000015258789,73.94999694824219,71.54120635986328,18757195,0.0,0,16.977785639495213
2023-02-02,73.5999984741211,75.94999694824219,71.55000305175781,73.4000015258789,71.00912475585938,16806203,0.0,0,17.829330833687134
2023-02-03,73.9000015258789,74.9000015258789,70.69999694824219,73.9000015258789,71.49283599853516,19317133,0.0,0,18.810353677521512
2023-02-06,74.30000305175781,75.4000015258789,73.5,74.0,71.5895767211914,7331384,0.0,0,19.503406624891035
2023-02-07,74.25,74.4000015258789,72.8499984741211,73.25,70.86400604248047,6350775,0.0,0,20.307500715628237
2023-02-08,73.25,73.94999694824219,72.30000305175781,72.69999694824219,70.33191680908203,9312500,0.0,0,21.191907189220775
2023-02-09,72.69999694824219,73.6500015258789,71.4000015258789,72.55000305175781,70.18681335449219,8305455,0.0,0,22.23808643101887
2023-02-10,72.3499984741211,75.4000015258789,71.8499984741211,73.55000305175781,71.15423583984375,11809675,0.0,0,22.343769589100592
2023-02-13,73.9000015258789,74.0,70.9000015258789,71.5,69.17101287841797,6107111,0.0,0,22.712043776671255
2023-02-14,71.5,72.25,69.94999694824219,71.80000305175781,69.46124267578125,7112400,0.0,0,23.316496663855066
2023-02-15,71.69999694824219,72.69999694824219,71.0999984741211,72.19999694824219,69.84820556640625,6064470,0.0,0,23.641621205975895
2023-02-16,72.80000305175781,73.1500015258789,71.80000305175781,72.25,69.8965835571289,5460422,0.0,0,23.702160881319287
2023-02-17,71.6500015258789,71.75,70.55000305175781,70.9000015258789,68.5905532836914,4812342,0.0,0,24.153515699101206
2023-02-20,71.0,71.5999984741211,69.9000015258789,70.4000015258789,68.10684204101562,5267372,0.0,0,24.769616985918514
2023-02-21,70.5999984741211,70.8499984741211,69.1500015258789,69.55000305175781,67.28453063964844,7033623,0.0,0,25.565863044204608
2023-02-22,69.5,69.5,67.25,67.5999984741211,65.3980484008789,7708120,0.0,0,26.822356740864848
2023-02-23,67.30000305175781,68.5999984741211,66.44999694824219,68.0,65.78501892089844,9840051,0.0,0,28.18695968442027
2023-02-24,69.0999984741211,69.5,66.0,66.8499984741211,64.67247772216797,9881953,0.0,0,28.873010990933675
2023-02-27,66.69999694824219,67.0999984741211,65.3499984741211,66.44999694824219,64.2854995727539,10301884,0.0,0,29.69471793089604
2023-02-28,66.5,67.5999984741211,66.25,67.25,65.0594482421875,8770598,0.0,0,30.12402929404368
2023-03-01,67.19999694824219,68.4000015258789,66.9000015258789,67.30000305175781,65.10781860351562,19101022,0.0,0,29.99696220451994
2023-03-02,67.5,68.19999694824219,66.5999984741211,66.8499984741211,64.67247772216797,10632545,0.0,0,29.988671680175297
2023-03-03,67.55000305175781,73.0,67.55000305175781,72.4000015258789,70.04169464111328,42879581,0.0,0,28.214382812906027
2023-03-06,74.0,75.5999984741211,71.25,72.19999694824219,69.84820556640625,22288338,0.0,0,27.487839066772164
2023-03-08,71.25,73.6500015258789,70.6500015258789,73.4000015258789,71.00912475585938,13937593,0.0,0,26.53764653996891
2023-03-09,73.44999694824219,73.9000015258789,71.75,72.25,69.8965835571289,8344489,0.0,0,25.743911398883085
2023-03-10,71.4000015258789,71.4000015258789,69.69999694824219,70.55000305175781,68.25196075439453,7850068,0.0,0,24.073743840180185
2023-03-13,70.69999694824219,71.44999694824219,68.69999694824219,69.25,66.99430084228516,9150800,0.0,0,22.595828636289546
2023-03-14,69.0,69.5999984741211,65.69999694824219,66.19999694824219,64.04364776611328,15393042,0.0,0,22.282691194493633
2023-03-15,67.5,68.30000305175781,65.0999984741211,65.5999984741211,63.463191986083984,10953046,0.0,0,22.178863340791704
2023-03-16,65.0,65.4000015258789,63.5,64.5,62.399024963378906,16875112,0.0,0,22.55839628773611
2023-03-17,65.69999694824219,65.94999694824219,63.79999923706055,64.80000305175781,62.68925476074219,11370395,0.0,0,22.63566653217638
2023-03-20,64.80000305175781,64.8499984741211,63.150001525878906,63.5,61.43159484863281,7812349,0.0,0,22.9093959404461
2023-03-21,64.0,65.19999694824219,63.34999847412109,64.94999694824219,62.8343620300293,8182952,0.0,0,22.973670076925885
2023-03-22,65.30000305175781,66.8499984741211,65.05000305175781,65.80000305175781,63.656681060791016,8929519,0.0,0,22.180515160990232
2023-03-23,65.5,66.0,64.19999694824219,64.6500015258789,62.54413986206055,5884352,0.0,0,21.763702717850002
2023-03-24,65.0,65.80000305175781,62.54999923706055,63.400001525878906,61.33485412597656,9123250,0.0,0,21.950143173981132
2023-03-27,63.5,63.84999847412109,61.54999923706055,62.04999923706055,60.02882766723633,5844197,0.0,0,22.4416966949191
2023-03-28,62.150001525878906,63.0,60.34999847412109,61.59999847412109,59.593482971191406,9337592,0.0,0,23.25797924618173
2023-03-29,61.650001525878906,67.75,61.29999923706055,66.4000015258789,64.23713684082031,14462638,0.0,0,21.799418936039718
2023-03-31,66.80000305175781,67.30000305175781,65.3499984741211,66.55000305175781,64.38224792480469,11553787,0.0,0,20.445041505193565
2023-04-03,67.0,68.25,66.30000305175781,67.75,65.54315948486328,7272184,0.0,0,19.15675805428214
2023-04-05,67.80000305175781,68.19999694824219,67.0,67.30000305175781,65.10781860351562,5029902,0.0,0,17.960494849864386
2023-04-06,67.1500015258789,68.4000015258789,66.75,67.05000305175781,64.865966796875,8148079,0.0,0,16.737513158725086
2023-04-10,67.25,68.1500015258789,66.4000015258789,66.5999984741211,64.43061828613281,6371937,0.0,0,15.644820789985536
2023-04-11,67.19999694824219,69.69999694824219,67.19999694824219,68.1500015258789,65.93013000488281,10300941,0.0,0,15.129371051533338
2023-04-12,68.4000015258789,68.6500015258789,67.25,67.5999984741211,65.3980484008789,5664983,0.0,0,14.650739151542012
2023-04-13,67.75,70.5,67.30000305175781,69.69999694824219,67.42964172363281,9997908,0.0,0,14.982563252078444
2023-04-17,69.69999694824219,73.5,69.0999984741211,73.0,70.62214660644531,18712652,0.0,0,16.280329748021146
2023-04-18,73.55000305175781,74.30000305175781,73.05000305175781,73.5,71.10586547851562,12300623,0.0,0,17.709752142898047
2023-04-19,73.5,74.5999984741211,72.0,72.55000305175781,70.18681335449219,7243726,0.0,0,18.430798487641972
2023-04-20,72.75,73.3499984741211,72.0,72.3499984741211,69.99332427978516,4512900,0.0,0,19.100341522047046
2023-04-21,72.5,72.55000305175781,70.9000015258789,71.30000305175781,68.97753143310547,5189228,0.0,0,19.079908342109473
2023-04-24,71.4000015258789,73.9000015258789,70.8499984741211,73.55000305175781,71.15423583984375,10861575,0.0,0,19.55420942676193
2023-04-25,74.0999984741211,75.19999694824219,73.4000015258789,73.8499984741211,71.4444580078125,11071640,0.0,0,20.424722398780325
2023-04-26,73.80000305175781,75.19999694824219,73.25,74.9000015258789,72.46026611328125,9494184,0.0,0,21.13921397788743
2023-04-27,75.0,75.19999694824219,73.9000015258789,74.19999694824219,71.7830581665039,7673542,0.0,0,21.802670444201166
2023-04-28,74.75,76.3499984741211,74.44999694824219,75.8499984741211,73.37931823730469,13167053,0.0,0,22.82348776030138
2023-05-02,76.9000015258789,77.5999984741211,76.30000305175781,76.5,74.00814056396484,8828494,0.0,0,24.16870803511575
2023-05-03,76.44999694824219,76.44999694824219,74.80000305175781,75.75,73.28257751464844,8091935,0.0,0,24.39476804014479
2023-05-04,76.44999694824219,77.75,76.0999984741211,77.4000015258789,74.87882995605469,9015582,0.0,0,25.052267792073415
2023-05-05,77.3499984741211,78.80000305175781,76.0999984741211,76.4000015258789,73.9113998413086,11070348,0.0,0,25.993730553302093
2023-05-08,77.4000015258789,77.8499984741211,73.30000305175781,73.9000015258789,71.49283599853516,23789710,0.0,0,25.21975105755271
2023-05-09,74.5,75.0,71.80000305175781,72.0999984741211,69.75146484375,12031576,0.0,0,23.77848662191402
2023-05-10,72.3499984741211,72.55000305175781,69.8499984741211,70.4000015258789,68.10684204101562,12785182,0.0,0,22.541560532593078
2023-05-11,71.19999694824219,71.5,70.05000305175781,70.44999694824219,68.15521240234375,8268739,0.0,0,21.39298630679506
2023-05-12,70.44999694824219,71.9000015258789,70.05000305175781,71.44999694824219,69.12263488769531,7808656,0.0,0,20.13336321888709
2023-05-15,71.5999984741211,71.69999694824219,70.0999984741211,70.75,68.44544219970703,10968146,0.0,0,18.963713208686833
2023-05-16,71.0999984741211,72.55000305175781,70.9000015258789,71.5999984741211,69.26775360107422,10603016,0.0,0,17.777188825896648
2023-05-17,71.5999984741211,72.30000305175781,70.25,70.9000015258789,68.5905532836914,7036039,0.0,0,16.67753857118995
2023-05-18,71.19999694824219,71.69999694824219,69.8499984741211,70.1500015258789,67.86498260498047,5239576,0.0,0,15.86382691623982
2023-05-19,70.30000305175781,70.5,68.55000305175781,69.3499984741211,67.0910415649414,8150331,0.0,0,15.746111521780291
2023-05-22,69.69999694824219,70.4000015258789,69.1500015258789,70.05000305175781,67.76824188232422,5180924,0.0,0,15.636804369782157
2023-05-23,70.3499984741211,70.5999984741211,69.4000015258789,69.69999694824219,67.42964172363281,6368803,0.0,0,15.400330706250177
2023-05-24,69.5,69.8499984741211,68.75,68.94999694824219,66.70407104492188,4951645,0.0,0,15.523533756666968
2023-05-25,68.69999694824219,69.5999984741211,68.4000015258789,69.30000305175781,67.04267120361328,5129844,0.0,0,15.820049730110961
2023-05-26,69.5999984741211,70.44999694824219,69.44999694824219,70.0,67.7198715209961,7051829,0.0,0,15.458811921064015
2023-05-29,70.69999694824219,70.80000305175781,70.05000305175781,70.30000305175781,68.01010131835938,5386723,0.0,0,14.870463223641822
2023-05-30,70.30000305175781,70.75,69.69999694824219,70.4000015258789,68.10684204101562,4888748,0.0,0,14.54469040862992
2023-05-31,70.19999694824219,71.4000015258789,69.55000305175781,71.0999984741211,68.7840347290039,6505613,0.0,0,13.750470142396878
2023-06-01,71.1500015258789,72.80000305175781,71.1500015258789,72.30000305175781,69.94495391845703,9756887,0.0,0,13.457757617774721
2023-06-02,72.9000015258789,73.1500015258789,72.5,72.75,70.38029479980469,4655629,0.0,0,13.398418481536364
2023-06-05,73.19999694824219,73.44999694824219,72.5,72.5999984741211,70.23517608642578,3763231,0.0,0,13.527386833692294
2023-06-06,72.6500015258789,72.9000015258789,71.69999694824219,72.1500015258789,69.79984283447266,4019159,0.0,0,13.00457061166224
2023-06-07,72.30000305175781,72.94999694824219,72.1500015258789,72.3499984741211,69.99332427978516,4184188,0.0,0,12.554122551215292
2023-06-08,72.55000305175781,73.3499984741211,71.44999694824219,71.75,69.4128646850586,5500883,0.0,0,11.735829963038642
2023-06-09,71.9000015258789,72.44999694824219,71.4000015258789,71.75,69.4128646850586,3901894,0.0,0,11.015467959790087
2023-06-12,72.0,72.0,71.19999694824219,71.69999694824219,69.36449432373047,2745575,0.0,0,10.51172503598211
2023-06-13,71.9000015258789,72.4000015258789,71.5999984741211,72.25,69.8965835571289,4163026,0.0,0,9.835724986666724
2023-06-14,72.5,72.8499984741211,71.75,72.0,69.65472412109375,3998517,0.0,0,9.59796223633386
2023-06-15,72.0999984741211,72.55000305175781,70.05000305175781,70.25,67.96172332763672,7582805,0.0,0,9.842181162325941
2023-06-16,70.5,71.44999694824219,70.19999694824219,71.0999984741211,68.7840347290039,5355664,0.0,0,10.068955879318588
2023-06-19,71.4000015258789,72.5999984741211,71.0999984741211,71.5,69.17101287841797,8534369,0.0,0,9.43496831164345
2023-06-20,71.6500015258789,72.0,70.25,70.8499984741211,68.54218292236328,7743663,0.0,0,9.333411216067669
2023-06-21,71.25,71.4000015258789,70.55000305175781,70.8499984741211,68.54218292236328,7172125,0.0,0,9.2391081987473
2023-06-22,70.9000015258789,70.94999694824219,69.9000015258789,70.0999984741211,67.81661224365234,5203774,0.0,0,9.642107316983031
2023-06-23,70.0999984741211,70.19999694824219,68.69999694824219,68.94999694824219,66.70407104492188,6488512,0.0,0,10.802176107249013
2023-06-26,69.30000305175781,69.5,68.0,68.6500015258789,66.41384887695312,6867933,0.0,0,12.276965010314443
2023-06-27,68.5,70.6500015258789,68.5,70.44999694824219,68.15521240234375,7755255,0.0,0,12.545190400744383
2023-06-28,70.44999694824219,70.44999694824219,70.44999694824219,70.44999694824219,68.15521240234375,0,0.0,0,12.794256834715043
2023-06-30,71.0,72.44999694824219,70.80000305175781,72.25,69.8965835571289,11659457,0.0,0,12.320779368712111
2023-07-03,72.5999984741211,75.0999984741211,72.4000015258789,74.9000015258789,72.46026611328125,22272363,0.0,0,13.318407408218222
2023-07-04,75.30000305175781,76.80000305175781,73.8499984741211,76.19999694824219,73.71791076660156,27416664,0.0,0,14.9241553583863
2023-07-05,76.5999984741211,77.8499984741211,75.75,77.6500015258789,75.12068939208984,20655728,0.0,0,16.77767998016392
2023-07-06,77.94999694824219,80.0,77.6500015258789,79.69999694824219,77.1039047241211,23749021,0.0,0,19.12567234999887
2023-07-07,80.0,80.5999984741211,77.75,80.0,77.39413452148438,20767845,0.0,0,21.4595313940828
2023-07-10,80.75,82.3499984741211,80.19999694824219,81.0,78.36156463623047,20617893,0.0,0,24.033870784576624
2023-07-11,81.69999694824219,81.69999694824219,80.19999694824219,81.1500015258789,78.50668334960938,10323498,0.0,0,26.424328790035172
2023-07-12,81.4000015258789,83.19999694824219,81.19999694824219,82.30000305175781,79.61922454833984,17419443,0.0,0,28.963396393960835
2023-07-13,82.75,83.05000305175781,80.0,80.8499984741211,78.21644592285156,12726536,0.0,0,30.35966163341965
2023-07-14,81.19999694824219,81.94999694824219,79.8499984741211,81.05000305175781,78.4099349975586,10255348,0.0,0,31.53883581481312
2023-07-17,81.3499984741211,83.4000015258789,80.9000015258789,83.0,80.29641723632812,13874597,0.0,0,33.025728825599444
2023-07-18,83.69999694824219,83.9000015258789,82.1500015258789,83.0,80.29641723632812,14187072,0.0,0,34.53211236830417
2023-07-19,83.30000305175781,85.25,82.69999694824219,85.05000305175781,82.27964782714844,16700982,0.0,0,36.24874997402311
2023-07-20,85.5,87.9000015258789,85.19999694824219,86.9000015258789,84.06938171386719,26873883,0.0,0,38.346304840738235
2023-07-21,90.25,91.3499984741211,88.94999694824219,90.3499984741211,87.4070053100586,48387543,0.0,0,40.767062611566665
2023-07-24,91.0,94.3000030517578,87.5,88.6500015258789,85.76238250732422,43369893,0.0,0,43.313628331409824
2023-07-25,89.05000305175781,90.3499984741211,86.75,88.0,85.13355255126953,15738771,0.0,0,45.179168382489756
2023-07-26,88.94999694824219,91.4499969482422,88.30000305175781,91.0,88.03582763671875,17846155,0.0,0,47.04001576470396
2023-07-27,91.6999969482422,93.0,91.3499984741211,92.0999984741211,89.0999984741211,14558449,0.0,0,48.93648861202966
2023-07-28,89.80000305175781,91.3000030517578,89.0999984741211,90.05000305175781,90.05000305175781,18739779,3.0,0,49.288357482607125
2023-07-31,90.5,90.5500030517578,88.30000305175781,89.0,89.0,17234812,0.0,0,49.1567903433138
2023-08-01,89.55000305175781,90.1999969482422,88.75,89.75,89.75,8751116,0.0,0,49.034620856827146
2023-08-02,89.30000305175781,90.8499984741211,86.19999694824219,87.8499984741211,87.8499984741211,16356175,0.0,0,47.514449941566276
2023-08-03,87.4000015258789,88.44999694824219,86.5,87.30000305175781,87.30000305175781,8078389,0.0,0,46.102862663109754
2023-08-04,87.69999694824219,88.6500015258789,87.19999694824219,88.1500015258789,88.1500015258789,8098556,0.0,0,44.854050589324366
2023-08-07,88.25,88.55000305175781,86.0,86.30000305175781,86.30000305175781,5459401,0.0,0,43.03315421062024
2023-08-08,86.5,90.5,86.30000305175781,90.0999984741211,90.0999984741211,13499013,0.0,0,41.98669608132565
2023-08-09,90.5,91.9000015258789,89.30000305175781,91.0999984741211,91.0999984741211,17284442,0.0,0,41.42223768315455
2023-08-10,91.0999984741211,91.5,89.0999984741211,89.8499984741211,89.8499984741211,9426252,0.0,0,40.78221112760988
2023-08-11,90.25,93.4000015258789,89.6500015258789,91.4000015258789,91.4000015258789,24402526,0.0,0,40.71929688058281
2023-08-14,91.9000015258789,92.6999969482422,89.0,92.1999969482422,92.1999969482422,15336240,0.0,0,40.271150067522726
2023-08-16,92.0,95.1500015258789,91.0500030517578,93.8499984741211,93.8499984741211,25319449,0.0,0,40.494977120274136
2023-08-17,94.25,96.25,93.6500015258789,94.5,94.5,19145161,0.0,0,40.9533985759826
2023-08-18,94.5,96.8000030517578,92.8499984741211,94.5,94.5,18562544,0.0,0,40.89320002248702
2023-08-21,94.75,94.75,91.5,91.8000030517578,91.8000030517578,11633369,0.0,0,40.06056092636573
2023-08-22,92.4499969482422,93.1500015258789,89.6500015258789,90.0,90.0,17433183,0.0,0,38.33872315579415
2023-08-23,90.6500015258789,93.0,89.69999694824219,92.4000015258789,92.4000015258789,18751524,0.0,0,36.73987379740625
2023-08-24,93.3499984741211,93.75,91.0,91.3000030517578,91.3000030517578,10348927,0.0,0,35.53192889454998
2023-08-25,91.3000030517578,91.3000030517578,89.0,89.5,89.5,9844071,0.0,0,33.40974806764951
2023-08-28,90.25,92.5,90.0999984741211,92.0500030517578,92.0500030517578,9775352,0.0,0,31.911571442830393
2023-08-29,91.5,91.5,85.0,86.25,86.25,73344683,0.0,0,30.697427912109777
2023-08-30,87.44999694824219,87.94999694824219,86.55000305175781,86.94999694824219,86.94999694824219,18744214,0.0,0,29.570008919297777
2023-08-31,87.0,87.5,85.5,85.9000015258789,85.9000015258789,13659955,0.0,0,28.85673056780261
2023-09-01,85.9000015258789,86.5999984741211,84.8499984741211,86.0999984741211,86.0999984741211,23952482,0.0,0,28.397178790317746
2023-09-04,86.9000015258789,88.30000305175781,86.5999984741211,88.0999984741211,88.0999984741211,23395499,0.0,0,27.17960206718985
2023-09-05,88.80000305175781,90.3499984741211,88.5999984741211,89.8499984741211,89.8499984741211,28099135,0.0,0,25.263369129577253
2023-09-06,90.3000030517578,90.3499984741211,87.75,88.0,88.0,12354854,0.0,0,23.755004716434694
2023-09-07,88.3499984741211,89.30000305175781,88.0999984741211,88.75,88.75,9238847,0.0,0,22.354380618516608
2023-09-08,89.0999984741211,89.4000015258789,87.80000305175781,88.0999984741211,88.0999984741211,12663533,0.0,0,21.1771686086436
2023-09-11,88.94999694824219,90.3000030517578,88.6500015258789,89.75,89.75,27680357,0.0,0,19.668019380494204
2023-09-12,90.9499969482422,93.1999969482422,87.05000305175781,87.5999984741211,87.5999984741211,33841583,0.0,0,19.40519154294633
2023-09-13,88.5,91.1999969482422,86.69999694824219,90.5,90.5,31757883,0.0,0,18.992046996009186
2023-09-14,91.9000015258789,94.9499969482422,91.3499984741211,94.5,94.5,72888682,0.0,0,19.784425728578874
2023-09-15,95.5999984741211,98.1999969482422,95.0,96.0999984741211,96.0999984741211,99069052,0.0,0,21.27443334538615
2023-09-18,96.9000015258789,100.6500015258789,96.25,98.9000015258789,98.9000015258789,131476651,0.0,0,23.12106798881712
2023-09-20,98.9000015258789,102.8000030517578,98.0,99.5999984741211,99.5999984741211,72274128,0.0,0,25.189145425261415
2023-09-21,100.0,101.3000030517578,95.5,96.4000015258789,96.4000015258789,52993911,0.0,0,25.970319704166457
2023-09-22,97.5,102.9000015258789,97.5,101.8499984741211,101.8499984741211,92167212,0.0,0,27.003249097777644
2023-09-25,103.0,104.3000030517578,99.8499984741211,102.0500030517578,102.0500030517578,45748823,0.0,0,28.216529618256015
2023-09-26,102.25,102.8499984741211,99.1500015258789,99.6999969482422,99.6999969482422,31727799,0.0,0,29.022685576409547
2023-09-27,100.0500030517578,103.4000015258789,99.5999984741211,102.4000015258789,102.4000015258789,38039844,0.0,0,29.882261767421134
2023-09-28,102.8000030517578,104.9499969482422,101.5,102.5,102.5,47139306,0.0,0,30.98493394598139
2023-09-29,102.9000015258789,107.0,102.9000015258789,106.3000030517578,106.3000030517578,45883301,0.0,0,32.37360221338811
2023-10-03,106.9000015258789,112.6500015258789,106.5,112.0999984741211,112.0999984741211,54476348,0.0,0,34.43158736681971
2023-10-04,112.0999984741211,113.3499984741211,103.4000015258789,108.4499969482422,108.4499969482422,57302610,0.0,0,35.03393837233763
2023-10-05,109.1999969482422,111.4000015258789,104.1999969482422,105.5,105.5,42364355,0.0,0,35.59326430603284
2023-10-06,105.6999969482422,107.5999984741211,103.75,105.3000030517578,105.3000030517578,25813134,0.0,0,35.921035170428105
2023-10-09,102.5,103.75,99.0,99.3499984741211,99.3499984741211,33400853,0.0,0,34.464142178205144
2023-10-10,101.0,104.6999969482422,100.8000030517578,104.1500015258789,104.1500015258789,23803904,0.0,0,33.331566829624876
2023-10-11,105.0,105.8499984741211,103.5,104.0999984741211,104.0999984741211,18507914,0.0,0,32.543975650206214
2023-10-12,104.9000015258789,105.4000015258789,103.1999969482422,103.8000030517578,103.8000030517578,13892071,0.0,0,31.702559574708516
2023-10-13,103.0999984741211,104.0999984741211,102.5999984741211,102.9000015258789,102.9000015258789,14614632,0.0,0,30.693322574936907
2023-10-16,103.1999969482422,106.0999984741211,102.9000015258789,105.0500030517578,105.0500030517578,18681567,0.0,0,30.26623969666952
2023-10-17,106.0,106.5999984741211,104.5,105.3499984741211,105.3499984741211,14025820,0.0,0,29.992232290379032
2023-10-18,105.5999984741211,105.6999969482422,101.4000015258789,102.1500015258789,102.1500015258789,13345912,0.0,0,28.544980335854607
2023-10-19,102.0,102.8499984741211,100.8000030517578,102.5,102.5,11787202,0.0,0,26.991098559585513
2023-10-20,102.5,104.0,100.0999984741211,101.1500015258789,101.1500015258789,14709256,0.0,0,25.8971204117876
2023-10-23,101.5500030517578,102.0,93.0,95.0,95.0,29890296,0.0,0,25.274599418851356
2023-10-25,96.6999969482422,99.1999969482422,93.8000030517578,95.0999984741211,95.0999984741211,30434337,0.0,0,24.69654421112484
2023-10-26,95.1500015258789,95.5,91.25,94.75,94.75,20883382,0.0,0,24.734623081778988
2023-10-27,96.1500015258789,101.6500015258789,96.0,99.9000015258789,99.9000015258789,32310058,0.0,0,22.96839688917007
2023-10-30,101.3000030517578,104.5,99.1500015258789,99.6999969482422,99.6999969482422,32368940,0.0,0,21.981019353776038
2023-10-31,101.1999969482422,103.5999984741211,101.0500030517578,101.5999984741211,101.5999984741211,26692147,0.0,0,21.064168785195868
2023-11-01,102.0,104.4000015258789,100.5500030517578,103.25,103.25,24198194,0.0,0,20.400294943414394
2023-11-02,104.8000030517578,106.5,104.1500015258789,105.8499984741211,105.8499984741211,28172342,0.0,0,20.259676910929496
2023-11-03,106.5,106.75,104.0500030517578,104.5,104.5,12041882,0.0,0,20.184960924021606
2023-11-06,105.5999984741211,105.8000030517578,103.5,103.8499984741211,103.8499984741211,9368161,0.0,0,19.92645881347968
2023-11-07,103.8499984741211,105.3499984741211,103.0500030517578,104.8499984741211,104.8499984741211,14018306,0.0,0,19.526611731492512
2023-11-08,105.3000030517578,105.4000015258789,103.6500015258789,103.9499969482422,103.9499969482422,13363461,0.0,0,19.1693481844656
2023-11-09,104.3000030517578,104.5999984741211,103.0999984741211,103.9499969482422,103.9499969482422,10424368,0.0,0,18.62141746623525
2023-11-10,103.6999969482422,104.3000030517578,102.6999969482422,104.0,104.0,7759750,0.0,0,17.95112200127947
2023-11-13,104.3000030517578,112.6500015258789,103.9000015258789,112.0,112.0,55306838,0.0,0,19.358738443255998
2023-11-15,113.5,116.0,111.5999984741211,112.5999984741211,112.5999984741211,37833489,0.0,0,21.196468181543015
2023-11-16,112.6999969482422,112.75,109.5999984741211,110.3000030517578,110.3000030517578,16349925,0.0,0,22.165420380681002
2023-11-17,109.4000015258789,109.4000015258789,105.75,108.6500015258789,108.6500015258789,23593164,0.0,0,21.827625813554324
2023-11-20,108.6500015258789,111.4499969482422,108.0,108.3000030517578,108.3000030517578,14988918,0.0,0,21.918875868325095
2023-11-21,110.0,110.3499984741211,107.9000015258789,109.5,109.5,11767774,0.0,0,21.97200610888626
2023-11-22,109.5,109.6999969482422,105.8000030517578,106.6500015258789,106.6500015258789,12094255,0.0,0,21.362739412091862
2023-11-23,106.9000015258789,107.3000030517578,105.5,106.0999984741211,106.0999984741211,9202339,0.0,0,20.7043550481736
2023-11-24,107.0,108.6500015258789,106.5,106.9499969482422,106.9499969482422,10524311,0.0,0,20.42241601387825
2023-11-28,107.4499969482422,109.9000015258789,106.5999984741211,108.1999969482422,108.1999969482422,14394577,0.0,0,20.45637077508173
2023-11-29,109.0999984741211,111.9000015258789,109.0999984741211,110.3000030517578,110.3000030517578,23355610,0.0,0,20.933932583344813
2023-11-30,110.0500030517578,110.1999969482422,107.4499969482422,107.8499984741211,107.8499984741211,16707894,0.0,0,20.782176708593735
2023-12-01,108.5,110.6999969482422,107.6500015258789,108.8000030517578,108.8000030517578,20204953,0.0,0,20.762700895695506
2023-12-04,112.25,114.9000015258789,112.0500030517578,114.1999969482422,114.1999969482422,44134018,0.0,0,21.64888512210016
2023-12-05,114.8000030517578,117.9000015258789,114.0,114.5999984741211,114.5999984741211,33498381,0.0,0,22.992755310044384
2023-12-06,115.8000030517578,118.5,112.4499969482422,117.1999969482422,117.1999969482422,36097019,0.0,0,23.666248622871425
2023-12-07,117.5500030517578,118.0,114.9000015258789,116.5999984741211,116.5999984741211,22636562,0.0,0,24.291635270496535
2023-12-08,116.8000030517578,117.6999969482422,115.3000030517578,117.1500015258789,117.1500015258789,17952489,0.0,0,24.87235144329128
2023-12-11,117.75,120.8499984741211,117.5,120.1999969482422,120.1999969482422,24053871,0.0,0,26.024019625300024
2023-12-12,121.0,124.8000030517578,120.9000015258789,122.5999984741211,122.5999984741211,33413850,0.0,0,27.70991242379278
2023-12-13,123.0,123.3000030517578,119.4000015258789,121.8000030517578,121.8000030517578,21772175,0.0,0,28.672137757584515
2023-12-14,123.8000030517578,124.5500030517578,121.8499984741211,123.6500015258789,123.6500015258789,15736169,0.0,0,29.768189564186294
2023-12-15,124.0,129.39999389648438,122.6999969482422,128.3000030517578,128.3000030517578,39463828,0.0,0,31.456447486098824
2023-12-18,127.9000015258789,127.9000015258789,122.5999984741211,123.0999984741211,123.0999984741211,32148228,0.0,0,32.983471410917495
2023-12-19,123.9000015258789,124.4000015258789,120.8499984741211,122.25,122.25,18919618,0.0,0,33.68812995283529
2023-12-20,122.9499969482422,124.1999969482422,115.8499984741211,116.4499969482422,116.4499969482422,24393889,0.0,0,32.63448873590759
2023-12-21,115.0500030517578,119.1500015258789,112.5999984741211,118.5500030517578,118.5500030517578,16148701,0.0,0,30.7650656031451
2023-12-22,119.25,120.0,116.9000015258789,118.25,118.25,11610568,0.0,0,29.22088139883741
2023-12-26,118.9000015258789,118.9000015258789,116.6999969482422,117.1500015258789,117.1500015258789,7968782,0.0,0,27.730719666909327
2023-12-27,117.8000030517578,120.1500015258789,117.3000030517578,119.0500030517578,119.0500030517578,12995015,0.0,0,26.650288992703402
2023-12-28,119.6500015258789,121.5,117.0,117.8000030517578,117.8000030517578,17861879,0.0,0,25.966236294771218
2023-12-29,118.5999984741211,119.75,117.5999984741211,119.0999984741211,119.0999984741211,10246266,0.0,0,25.331044503834192
2024-01-01,119.6500015258789,121.5,119.0999984741211,120.75,120.75,8090321,0.0,0,25.164070071453647
2024-01-02,121.4000015258789,123.75,120.0,120.9000015258789,120.9000015258789,15399801,0.0,0,25.503801140860848
2024-01-03,121.0500030517578,123.5500030517578,120.25,123.0500030517578,123.0500030517578,13474009,0.0,0,25.819265705310393
2024-01-04,123.5999984741211,125.0,123.4000015258789,124.0500030517578,124.0500030517578,16066005,0.0,0,26.427531304855368
2024-01-05,124.3499984741211,125.5500030517578,123.3499984741211,124.1500015258789,124.1500015258789,12856589,0.0,0,27.110018165193036
2024-01-08,125.1500015258789,125.5999984741211,121.8000030517578,122.5500030517578,122.5500030517578,12122073,0.0,0,27.056542630015333
2024-01-09,123.1999969482422,124.1999969482422,122.25,122.8499984741211,122.8499984741211,8045492,0.0,0,27.00688677592175
2024-01-10,122.8000030517578,124.0,121.75,123.4000015258789,123.4000015258789,8604396,0.0,0,26.728029619476214
2024-01-11,124.3000030517578,124.75,123.5,124.4499969482422,124.4499969482422,7312380,0.0,0,26.688742075739892
2024-01-12,125.0,132.5,124.3499984741211,131.1999969482422,131.1999969482422,42620166,0.0,0,28.276169163413524
